1801 8
1802 11
1803 10
1804 11
1805 10
1806 10
1807 11
1808 12
1809 11
1810 10
1811 10
1812 12
1813 11
1814 11
1815 11
1816 6
1817 11
1818 11
1819 11
1820 11
1821 12
1822 11
1823 11
1824 10
1825 9
1826 5
1827 12
1828 11
1829 11
1830 11
1831 11
1832 9
1833 9
1834 10
1835 12
1836 12
1837 12
1838 8
1839 11
1840 11
1841 10
1842 8
1843 10
1844 12
1845 7
1846 10
1847 10
1848 10
1849 12
1850 6
1851 11
1852 11
1853 7
1854 10
1855 9
1856 11
1857 11
1858 12
1859 11
1860 8
1861 9
1862 10
1863 9
1864 10
1865 8
1866 11
1867 10
1868 4
1869 9
1870 11
1871 10
1872 9
1873 10
1874 2
1875 10
1876 11
1877 8
1878 11
1879 12
1880 11
1881 9
1882 11
1883 11
1884 9
1885 9
1886 11
1887 11
1888 11
1889 11
1890 11
1891 12
1892 11
1893 11
1894 11
1895 11
1896 11
1897 10
1898 10
1899 9
1900 11
1901 11
1902 11
1903 9
1904 10
1905 10
1906 10
1907 10
1908 12
1909 9
1910 10
1911 10
1912 11
1913 9
1914 11
1915 11
1916 11
1917 8
1918 10
1919 11
1920 11
1921 11
1922 12
1923 11
1924 7
1925 7
1926 9
1927 11
1928 11
1929 10
1930 11
1931 10
1932 12
1933 11
1934 9
1935 10
1936 10
1937 11
1938 11
1939 11
1940 11
1941 9
1942 11
1943 11
1944 10
1945 12
1946 11
1947 11
1948 9
1949 9
1950 10
1951 11
1952 11
1953 9
1954 11
1955 10
1956 10
1957 11
1958 10
1959 9
1960 10
1961 11
1962 11
1963 10
1964 8
1965 11
1966 10
1967 10
1968 8
1969 5
1970 11
1971 11
1972 10
1973 10
1974 11
1975 10
1976 11
1977 11
1978 11
1979 11
1980 11
1981 10
1982 11
1983 11
1984 7
1985 11
1986 11
1987 8
1988 11
1989 10
1990 11
1991 11
1992 11
1993 8
1994 10
1995 10
1996 11
1997 12
1998 11
1999 11
2000 10
2001 11
2002 10
2003 9
2004 10
2005 11
2006 12
2007 10
2008 12
2009 11
2010 7
2011 10
2012 10
2013 11
2014 12
2015 12
2016 11
2017 11
2018 11
2019 11
2020 10
2021 11
2022 10
2023 10
2024 11
2025 10
2026 11
2027 11
2028 10
2029 10
2030 11
2031 11
2032 11
2033 11
2034 11
2035 9
2036 11
2037 9
2038 6
2039 11
2040 7
2041 10
2042 12
2043 6
2044 11
2045 11
2046 11
2047 11
2048 8
2049 11
2050 10
2051 10
2052 10
2053 12
2054 12
2055 10
2056 6
2057 11
2058 9
2059 10
2060 11
2061 11
2062 9
2063 6
2064 11
2065 11
2066 11
2067 11
2068 11
2069 6
2070 12
2071 10
2072 7
2073 9
2074 9
2075 11
2076 9
2077 11
2078 11
2079 10
2080 10
2081 8
2082 12
2083 10
2084 11
2085 11
2086 7
2087 12
2088 11
2089 11
2090 11
2091 11
2092 11
2093 6
2094 11
2095 11
2096 11
2097 9
2098 9
2099 11
2100 9
2101 7
2102 10
2103 10
2104 10
2105 9
2106 11
2107 11
2108 12
2109 11
2110 10
2111 10
2112 11
2113 10
2114 8
2115 9
2116 11
2117 12
2118 11
2119 11
2120 9
2121 10
2122 11
2123 11
2124 11
2125 11
2126 9
2127 11
2128 11
2129 11
2130 9
2131 11
2132 12
2133 11
2134 12
2135 11
2136 11
2137 8
2138 5
2139 6
2140 11
2141 11
2142 11
2143 11
2144 8
2145 11
2146 11
2147 12
2148 9
2149 9
2150 11
2151 10
2152 11
2153 9
2154 11
2155 11
2156 11
2157 12
2158 10
2159 5
2160 9
2161 10
2162 12
2163 9
2164 11
2165 11
2166 11
2167 11
2168 10
2169 10
2170 11
2171 11
2172 11
2173 9
2174 8
2175 10
2176 7
2177 10
2178 12
2179 9
2180 11
2181 12
2182 9
2183 9
2184 12
2185 11
2186 10
2187 9
2188 11
2189 12
2190 9
2191 11
2192 10
2193 6
2194 11
2195 11
2196 11
2197 11
2198 3
2199 11
2200 10
2201 10
2202 8
2203 10
2204 10
2205 11
2206 11
2207 9
2208 10
2209 11
2210 10
2211 11
2212 11
2213 11
2214 9
2215 11
2216 11
2217 11
2218 11
2219 10
2220 9
2221 11
2222 11
2223 9
2224 11
2225 11
2226 9
2227 12
2228 10
2229 11
2230 11
2231 10
2232 11
2233 10
2234 11
2235 11
2236 11
2237 11
2238 7
2239 10
2240 11
