0 13
1 13
2 13
3 13
4 13
5 13
6 13
7 13
8 13
9 13
10 13
11 13
12 13
13 13
14 13
15 13
16 13
17 13
18 13
19 13
20 13
21 13
22 13
23 13
24 13
25 13
26 13
27 13
28 13
29 13
30 13
31 13
32 13
33 13
34 13
35 13
36 13
37 13
38 13
39 13
40 13
41 13
42 13
43 13
44 13
45 13
46 13
47 13
48 13
49 13
50 13
51 13
52 13
53 13
54 13
55 13
56 13
57 13
58 13
59 13
60 13
61 13
62 13
63 13
64 13
65 13
66 13
67 13
68 13
69 13
70 13
71 13
72 13
73 13
74 13
75 13
76 13
77 13
78 13
79 13
80 13
81 13
82 13
83 13
84 13
85 13
86 13
87 13
88 13
89 13
90 13
91 13
92 13
93 13
94 13
95 13
96 13
97 13
98 13
99 13
100 13
101 13
102 13
103 13
104 13
105 13
106 13
107 13
108 13
109 13
110 13
111 13
112 13
113 13
114 13
115 13
116 13
117 13
118 13
119 13
120 13
121 13
122 13
123 13
124 13
125 13
126 13
127 13
128 13
129 13
130 13
131 13
132 13
133 13
134 13
135 13
136 13
137 13
138 13
139 13
140 13
141 13
142 13
143 13
144 13
145 13
146 13
147 13
148 13
149 13
150 13
151 13
152 13
153 13
154 13
155 13
156 13
157 13
158 13
159 13
160 13
161 13
162 13
163 13
164 13
165 13
166 13
167 13
168 13
169 13
170 13
171 13
172 13
173 13
174 13
175 13
176 13
177 13
178 13
179 13
180 13
181 13
182 13
183 13
184 13
185 13
186 13
187 13
188 13
189 13
190 13
191 13
192 13
193 13
194 13
195 13
196 13
197 13
198 13
199 12
200 12
201 12
202 12
203 12
204 12
205 12
206 12
207 12
208 12
209 12
210 12
211 12
212 12
213 12
214 12
215 12
216 12
217 12
218 12
219 12
220 12
221 12
222 12
223 12
224 12
225 12
226 12
227 12
228 12
229 12
230 12
231 12
232 12
233 12
234 12
235 12
236 12
237 12
238 12
239 12
240 12
241 12
242 12
243 12
244 12
245 12
246 12
247 12
248 12
249 12
250 12
251 12
252 12
253 12
254 12
255 12
256 12
257 12
258 12
259 12
260 12
261 12
262 12
263 12
264 12
265 12
266 12
267 12
268 12
269 12
270 12
271 12
272 12
273 12
274 12
275 12
276 12
277 12
278 12
279 12
280 12
281 12
282 12
283 12
284 12
285 12
286 12
287 12
288 12
289 12
290 12
291 12
292 12
293 12
294 12
295 12
296 12
297 12
298 12
299 12
300 12
301 12
302 12
303 12
304 12
305 12
306 12
307 12
308 12
309 12
310 12
311 12
312 12
313 12
314 12
315 12
316 12
317 12
318 12
319 12
320 12
321 12
322 12
323 12
324 12
325 12
326 12
327 12
328 12
329 12
330 12
331 12
332 12
333 12
334 12
335 12
336 12
337 12
338 12
339 12
340 12
341 12
342 12
343 12
344 12
345 12
346 12
347 12
348 12
349 12
350 12
351 12
352 12
353 12
354 12
355 12
356 12
357 12
358 12
359 12
360 12
361 12
362 12
363 12
364 12
365 12
366 12
367 12
368 12
369 12
370 12
371 12
372 12
373 12
374 12
375 12
376 12
377 12
378 12
379 12
380 12
381 12
382 12
383 12
384 12
385 12
386 12
387 12
388 12
389 12
390 12
391 12
392 12
393 12
394 12
395 12
396 12
397 12
398 12
399 12
400 12
401 12
402 12
403 12
404 12
405 12
406 12
407 12
408 12
409 12
410 12
411 12
412 12
413 12
414 12
415 12
416 12
417 12
418 12
419 12
420 12
421 12
422 12
423 12
424 12
425 12
426 12
427 12
428 12
429 12
430 12
431 12
432 12
433 12
434 12
435 12
436 12
437 12
438 12
439 12
440 12
441 12
442 12
443 12
444 12
445 12
446 12
447 12
448 12
449 12
