1801 10
1802 10
1803 10
1804 10
1805 10
1806 10
1807 10
1808 10
1809 10
1810 10
1811 10
1812 10
1813 10
1814 10
1815 10
1816 10
1817 10
1818 10
1819 10
1820 10
1821 10
1822 10
1823 10
1824 10
1825 10
1826 10
1827 10
1828 10
1829 10
1830 10
1831 10
1832 10
1833 10
1834 10
1835 10
1836 10
1837 10
1838 10
1839 10
1840 10
1841 10
1842 10
1843 10
1844 10
1845 10
1846 10
1847 10
1848 10
1849 10
1850 10
1851 10
1852 10
1853 10
1854 10
1855 10
1856 10
1857 10
1858 10
1859 10
1860 10
1861 10
1862 10
1863 10
1864 10
1865 10
1866 10
1867 10
1868 10
1869 10
1870 10
1871 10
1872 10
1873 10
1874 10
1875 10
1876 10
1877 10
1878 10
1879 10
1880 10
1881 10
1882 10
1883 10
1884 10
1885 10
1886 10
1887 10
1888 10
1889 10
1890 10
1891 10
1892 10
1893 10
1894 10
1895 10
1896 10
1897 10
1898 10
1899 10
1900 10
1901 10
1902 10
1903 10
1904 10
1905 10
1906 10
1907 10
1908 10
1909 10
1910 10
1911 10
1912 10
1913 10
1914 10
1915 10
1916 10
1917 10
1918 10
1919 10
1920 10
1921 10
1922 10
1923 10
1924 10
1925 10
1926 10
1927 10
1928 10
1929 10
1930 10
1931 10
1932 10
1933 10
1934 10
1935 10
1936 10
1937 10
1938 10
1939 10
1940 10
1941 10
1942 10
1943 10
1944 10
1945 10
1946 10
1947 10
1948 10
1949 10
1950 10
1951 10
1952 10
1953 10
1954 10
1955 10
1956 10
1957 10
1958 10
1959 10
1960 10
1961 10
1962 10
1963 10
1964 10
1965 10
1966 10
1967 10
1968 10
1969 10
1970 10
1971 10
1972 10
1973 10
1974 10
1975 10
1976 10
1977 10
1978 10
1979 10
1980 10
1981 10
1982 10
1983 10
1984 10
1985 10
1986 10
1987 10
1988 10
1989 10
1990 10
1991 10
1992 10
1993 10
1994 10
1995 10
1996 10
1997 10
1998 10
1999 10
2000 10
2001 10
2002 9
2003 9
2004 9
2005 9
2006 9
2007 9
2008 9
2009 9
2010 9
2011 9
2012 9
2013 9
2014 9
2015 9
2016 9
2017 9
2018 9
2019 9
2020 9
2021 9
2022 9
2023 9
2024 9
2025 9
2026 9
2027 9
2028 9
2029 9
2030 9
2031 9
2032 9
2033 9
2034 9
2035 9
2036 9
2037 9
2038 9
2039 9
2040 9
2041 9
2042 9
2043 9
2044 9
2045 9
2046 9
2047 9
2048 9
2049 9
2050 9
2051 9
2052 9
2053 9
2054 9
2055 9
2056 9
2057 9
2058 9
2059 9
2060 9
2061 9
2062 9
2063 9
2064 9
2065 9
2066 9
2067 9
2068 9
2069 9
2070 9
2071 9
2072 9
2073 9
2074 9
2075 9
2076 9
2077 9
2078 9
2079 9
2080 9
2081 9
2082 9
2083 9
2084 9
2085 9
2086 9
2087 9
2088 9
2089 9
2090 9
2091 9
2092 8
2093 8
2094 8
2095 8
2096 8
2097 8
2098 8
2099 8
2100 8
2101 8
2102 8
2103 8
2104 8
2105 8
2106 8
2107 8
2108 8
2109 8
2110 8
2111 8
2112 8
2113 8
2114 8
2115 8
2116 8
2117 8
2118 8
2119 8
2120 8
2121 8
2122 8
2123 8
2124 8
2125 8
2126 8
2127 8
2128 8
2129 8
2130 8
2131 8
2132 8
2133 8
2134 8
2135 8
2136 8
2137 8
2138 8
2139 8
2140 8
2141 8
2142 8
2143 8
2144 8
2145 8
2146 8
2147 8
2148 8
2149 8
2150 8
2151 8
2152 7
2153 7
2154 7
2155 7
2156 7
2157 7
2158 7
2159 7
2160 7
2161 7
2162 7
2163 7
2164 7
2165 7
2166 7
2167 7
2168 7
2169 7
2170 7
2171 7
2172 7
2173 7
2174 7
2175 7
2176 7
2177 7
2178 7
2179 7
2180 7
2181 7
2182 7
2183 7
2184 7
2185 7
2186 7
2187 7
2188 7
2189 7
2190 7
2191 7
2192 7
2193 7
2194 7
2195 7
2196 7
2197 7
2198 7
2199 7
2200 7
2201 7
2202 6
2203 6
2204 6
2205 6
2206 6
2207 6
2208 6
2209 6
2210 6
2211 6
2212 6
2213 6
2214 6
2215 6
2216 6
2217 6
2218 6
2219 6
2220 6
2221 6
2222 5
2223 5
2224 5
2225 5
2226 5
2227 4
2228 4
2229 4
2230 4
2231 4
2232 3
2233 3
2234 3
2235 3
2236 3
