901 12
902 12
903 12
904 12
905 12
906 12
907 12
908 12
909 12
910 12
911 12
912 12
913 12
914 12
915 12
916 12
917 12
918 12
919 12
920 12
921 12
922 12
923 12
924 12
925 12
926 12
927 12
928 12
929 12
930 12
931 12
932 12
933 12
934 12
935 12
936 12
937 12
938 12
939 12
940 12
941 12
942 12
943 12
944 12
945 12
946 12
947 12
948 12
949 12
950 12
951 12
952 12
953 12
954 12
955 12
956 12
957 12
958 12
959 12
960 12
961 12
962 12
963 12
964 12
965 12
966 12
967 12
968 12
969 12
970 12
971 12
972 12
973 12
974 12
975 12
976 12
977 12
978 12
979 12
980 12
981 12
982 12
983 12
984 12
985 12
986 12
987 12
988 12
989 12
990 12
991 12
992 12
993 12
994 12
995 12
996 12
997 12
998 12
999 12
1000 12
1001 12
1002 12
1003 12
1004 12
1005 12
1006 12
1007 12
1008 12
1009 12
1010 12
1011 12
1012 12
1013 12
1014 12
1015 12
1016 12
1017 12
1018 12
1019 12
1020 12
1021 12
1022 12
1023 12
1024 12
1025 12
1026 12
1027 12
1028 12
1029 12
1030 12
1031 12
1032 12
1033 12
1034 12
1035 12
1036 12
1037 12
1038 12
1039 12
1040 12
1041 12
1042 12
1043 12
1044 12
1045 12
1046 12
1047 12
1048 12
1049 12
1050 12
1051 12
1052 12
1053 12
1054 12
1055 12
1056 12
1057 12
1058 12
1059 12
1060 12
1061 12
1062 12
1063 12
1064 12
1065 12
1066 12
1067 12
1068 12
1069 12
1070 12
1071 12
1072 12
1073 12
1074 12
1075 12
1076 12
1077 12
1078 12
1079 12
1080 12
1081 12
1082 12
1083 12
1084 12
1085 12
1086 12
1087 12
1088 12
1089 12
1090 12
1091 12
1092 12
1093 12
1094 12
1095 12
1096 12
1097 12
1098 12
1099 12
1100 12
1101 12
1102 12
1103 12
1104 12
1105 12
1106 12
1107 12
1108 12
1109 12
1110 12
1111 12
1112 12
1113 12
1114 12
1115 12
1116 12
1117 12
1118 12
1119 12
1120 12
1121 12
1122 12
1123 12
1124 12
1125 12
1126 12
1127 12
1128 12
1129 12
1130 12
1131 12
1132 12
1133 12
1134 12
1135 12
1136 12
1137 12
1138 12
1139 12
1140 12
1141 12
1142 12
1143 12
1144 12
1145 12
1146 12
1147 12
1148 12
1149 12
1150 12
1151 12
1152 12
1153 12
1154 12
1155 12
1156 12
1157 12
1158 12
1159 12
1160 12
1161 12
1162 12
1163 12
1164 12
1165 12
1166 12
1167 12
1168 12
1169 12
1170 12
1171 12
1172 12
1173 12
1174 12
1175 12
1176 12
1177 12
1178 12
1179 12
1180 12
1181 12
1182 12
1183 12
1184 12
1185 12
1186 12
1187 12
1188 12
1189 12
1190 12
1191 12
1192 12
1193 12
1194 12
1195 12
1196 12
1197 12
1198 12
1199 12
1200 12
1201 12
1202 12
1203 12
1204 12
1205 12
1206 12
1207 12
1208 12
1209 12
1210 12
1211 12
1212 12
1213 12
1214 12
1215 12
1216 12
1217 12
1218 12
1219 12
1220 12
1221 12
1222 12
1223 12
1224 12
1225 12
1226 12
1227 12
1228 12
1229 12
1230 12
1231 11
1232 11
1233 11
1234 11
1235 11
1236 11
1237 11
1238 11
1239 11
1240 11
1241 11
1242 11
1243 11
1244 11
1245 11
1246 11
1247 11
1248 11
1249 11
1250 11
1251 11
1252 11
1253 11
1254 11
1255 11
1256 11
1257 11
1258 11
1259 11
1260 11
1261 11
1262 11
1263 11
1264 11
1265 11
1266 11
1267 11
1268 11
1269 11
1270 11
1271 11
1272 11
1273 11
1274 11
1275 11
1276 11
1277 11
1278 11
1279 11
1280 11
1281 11
1282 11
1283 11
1284 11
1285 11
1286 11
1287 11
1288 11
1289 11
1290 11
1291 11
1292 11
1293 11
1294 11
1295 11
1296 11
1297 11
1298 11
1299 11
1300 11
1301 11
1302 11
1303 11
1304 11
1305 11
1306 11
1307 11
1308 11
1309 11
1310 11
1311 11
1312 11
1313 11
1314 11
1315 11
1316 11
1317 11
1318 11
1319 11
1320 11
1321 11
1322 11
1323 11
1324 11
1325 11
1326 11
1327 11
1328 11
1329 11
1330 11
1331 11
1332 11
1333 11
1334 11
1335 11
1336 11
1337 11
1338 11
1339 11
1340 11
1341 11
1342 11
1343 11
1344 11
1345 11
1346 11
1347 11
1348 11
1349 11
