451 7
452 7
453 7
454 7
455 7
456 6
457 5
458 2
459 6
460 5
461 6
462 5
463 6
464 6
465 5
466 2
467 7
468 5
469 5
470 6
471 6
472 6
473 3
474 4
475 3
476 7
477 4
478 5
479 7
480 7
481 6
482 7
483 7
484 7
485 6
486 7
487 6
488 7
489 6
490 7
491 6
492 7
493 1
494 7
495 6
496 7
497 8
498 7
499 5
500 7
501 6
502 7
503 7
504 7
505 7
506 6
507 3
508 6
509 7
510 6
511 7
512 8
513 7
514 6
515 7
516 8
517 7
518 7
519 7
520 6
521 8
522 6
523 7
524 7
525 6
526 6
527 5
528 7
529 5
530 6
531 6
532 7
533 2
534 7
535 7
536 5
537 7
538 7
539 3
540 6
541 7
542 7
543 6
544 6
545 5
546 7
547 6
548 5
549 7
550 6
551 5
552 6
553 7
554 7
555 5
556 4
557 7
558 6
559 6
560 5
561 7
562 6
563 5
564 7
565 7
566 6
567 4
568 7
569 4
570 8
571 5
572 0
573 7
574 6
575 6
576 1
577 6
578 5
579 6
580 7
581 5
582 7
583 5
584 2
585 8
586 6
587 5
588 7
589 5
590 6
591 6
592 3
593 7
594 5
595 5
596 4
597 3
598 6
599 7
600 8
601 7
602 7
603 7
604 5
605 5
606 6
607 8
608 5
609 6
610 6
611 5
612 2
613 4
614 7
615 7
616 7
617 6
618 6
619 5
620 4
621 7
622 7
623 7
624 6
625 7
626 6
627 7
628 4
629 4
630 7
631 7
632 7
633 6
634 7
635 6
636 6
637 5
638 6
639 7
640 7
641 4
642 6
643 3
644 7
645 6
646 8
647 6
648 7
649 6
650 6
651 3
652 8
653 1
654 7
655 5
656 5
657 7
658 7
659 6
660 8
661 6
662 7
663 7
664 7
665 7
666 5
667 3
668 7
669 6
670 5
671 7
672 7
673 7
674 8
675 5
676 3
677 6
678 4
679 6
680 8
681 7
682 3
683 1
684 4
685 7
686 6
687 4
688 4
689 7
690 3
691 7
692 1
693 5
694 7
695 5
696 6
697 4
698 8
699 6
700 7
701 5
702 6
703 6
704 7
705 5
706 3
707 4
708 7
709 6
710 7
711 7
712 6
713 7
714 7
715 4
716 5
717 8
718 6
719 8
720 7
721 4
722 7
723 5
724 7
725 7
726 7
727 7
728 4
729 9
730 6
731 8
732 6
733 7
734 7
735 8
736 5
737 5
738 7
739 5
740 8
741 6
742 4
743 8
744 6
745 6
746 7
747 5
748 7
749 6
750 6
751 4
752 7
753 7
754 6
755 7
756 7
757 4
758 4
759 4
760 8
761 3
762 7
763 7
764 4
765 8
766 6
767 5
768 6
769 4
770 6
771 7
772 7
773 5
774 6
775 4
776 7
777 6
778 8
779 7
780 7
781 8
782 6
783 6
784 4
785 5
786 8
787 7
788 7
789 7
790 6
791 6
792 4
793 7
794 7
795 8
796 0
797 7
798 7
799 7
800 8
801 4
802 8
803 8
804 6
805 6
806 7
807 6
808 4
809 6
810 6
811 6
812 7
813 6
814 7
815 6
816 7
817 6
818 5
819 2
820 0
821 3
822 7
823 1
824 8
825 2
826 6
827 7
828 6
829 7
830 5
831 7
832 6
833 4
834 5
835 5
836 7
837 8
838 7
839 7
840 7
841 7
842 8
843 7
844 7
845 7
846 6
847 8
848 6
849 5
850 7
851 3
852 6
853 5
854 6
855 6
856 4
857 8
858 5
859 6
860 6
861 6
862 5
863 6
864 5
865 0
866 6
867 7
868 5
869 7
870 7
871 2
872 8
873 8
874 7
875 5
876 8
877 6
878 8
879 8
880 3
881 9
882 3
883 6
884 8
885 6
886 7
887 7
888 5
889 7
890 7
891 7
892 1
893 7
894 7
895 7
896 8
897 6
898 7
899 6
