1351 7
1352 7
1353 7
1354 7
1355 7
1356 6
1357 5
1358 2
1359 6
1360 5
1361 6
1362 5
1363 6
1364 6
1365 5
1366 2
1367 7
1368 5
1369 5
1370 6
1371 6
1372 6
1373 3
1374 4
1375 3
1376 7
1377 4
1378 5
1379 7
1380 7
1381 6
1382 7
1383 7
1384 7
1385 6
1386 7
1387 6
1388 7
1389 6
1390 7
1391 6
1392 7
1393 1
1394 7
1395 6
1396 7
1397 8
1398 7
1399 5
1400 7
1401 6
1402 7
1403 7
1404 7
1405 7
1406 6
1407 3
1408 6
1409 7
1410 6
1411 7
1412 8
1413 7
1414 6
1415 7
1416 8
1417 7
1418 7
1419 7
1420 6
1421 8
1422 6
1423 7
1424 7
1425 6
1426 6
1427 5
1428 7
1429 5
1430 6
1431 6
1432 7
1433 2
1434 7
1435 7
1436 5
1437 7
1438 7
1439 3
1440 6
1441 7
1442 7
1443 6
1444 6
1445 5
1446 7
1447 6
1448 5
1449 7
1450 6
1451 5
1452 6
1453 7
1454 7
1455 5
1456 4
1457 7
1458 6
1459 6
1460 5
1461 7
1462 6
1463 5
1464 7
1465 7
1466 6
1467 4
1468 7
1469 4
1470 8
1471 5
1472 0
1473 7
1474 6
1475 6
1476 1
1477 6
1478 5
1479 6
1480 7
1481 5
1482 7
1483 5
1484 2
1485 8
1486 6
1487 5
1488 7
1489 5
1490 6
1491 6
1492 3
1493 7
1494 5
1495 5
1496 4
1497 3
1498 6
1499 7
1500 8
1501 7
1502 7
1503 7
1504 5
1505 5
1506 6
1507 8
1508 5
1509 6
1510 6
1511 5
1512 2
1513 4
1514 7
1515 7
1516 7
1517 6
1518 6
1519 5
1520 4
1521 7
1522 7
1523 7
1524 6
1525 7
1526 6
1527 7
1528 4
1529 4
1530 7
1531 7
1532 7
1533 6
1534 7
1535 6
1536 6
1537 5
1538 6
1539 7
1540 7
1541 4
1542 6
1543 3
1544 7
1545 6
1546 8
1547 6
1548 7
1549 6
1550 6
1551 3
1552 8
1553 1
1554 7
1555 5
1556 5
1557 7
1558 7
1559 6
1560 8
1561 6
1562 7
1563 7
1564 7
1565 7
1566 5
1567 3
1568 7
1569 6
1570 5
1571 7
1572 7
1573 7
1574 8
1575 5
1576 3
1577 6
1578 4
1579 6
1580 8
1581 7
1582 3
1583 1
1584 4
1585 7
1586 6
1587 4
1588 4
1589 7
1590 3
1591 7
1592 1
1593 5
1594 7
1595 5
1596 6
1597 4
1598 8
1599 6
1600 7
1601 5
1602 6
1603 6
1604 7
1605 5
1606 3
1607 4
1608 7
1609 6
1610 7
1611 7
1612 6
1613 7
1614 7
1615 4
1616 5
1617 8
1618 6
1619 8
1620 7
1621 4
1622 7
1623 5
1624 7
1625 7
1626 7
1627 7
1628 4
1629 9
1630 6
1631 8
1632 6
1633 7
1634 7
1635 8
1636 5
1637 5
1638 7
1639 5
1640 8
1641 6
1642 4
1643 8
1644 6
1645 6
1646 7
1647 5
1648 7
1649 6
1650 6
1651 4
1652 7
1653 7
1654 6
1655 7
1656 7
1657 4
1658 4
1659 4
1660 8
1661 3
1662 7
1663 7
1664 4
1665 8
1666 6
1667 5
1668 6
1669 4
1670 6
1671 7
1672 7
1673 5
1674 6
1675 4
1676 7
1677 6
1678 8
1679 7
1680 7
1681 8
1682 6
1683 6
1684 4
1685 5
1686 8
1687 7
1688 7
1689 7
1690 6
1691 6
1692 4
1693 7
1694 7
1695 8
1696 0
1697 7
1698 7
1699 7
1700 8
1701 4
1702 8
1703 8
1704 6
1705 6
1706 7
1707 6
1708 4
1709 6
1710 6
1711 6
1712 7
1713 6
1714 7
1715 6
1716 7
1717 6
1718 5
1719 2
1720 0
1721 3
1722 7
1723 1
1724 8
1725 2
1726 6
1727 7
1728 6
1729 7
1730 5
1731 7
1732 6
1733 4
1734 5
1735 5
1736 7
1737 8
1738 7
1739 7
1740 7
1741 7
1742 8
1743 7
1744 7
1745 7
1746 6
1747 8
1748 6
1749 5
1750 7
1751 3
1752 6
1753 5
1754 6
1755 6
1756 4
1757 8
1758 5
1759 6
1760 6
1761 6
1762 5
1763 6
1764 5
1765 0
1766 6
1767 7
1768 5
1769 7
1770 7
1771 2
1772 8
1773 8
1774 7
1775 5
1776 8
1777 6
1778 8
1779 8
1780 3
1781 9
1782 3
1783 6
1784 8
1785 6
1786 7
1787 7
1788 5
1789 7
1790 7
1791 7
1792 1
1793 7
1794 7
1795 7
1796 8
1797 6
1798 7
1799 6
