0 2242
1 2241
2 2240
3 2239
4 2238
5 2237
6 2236
7 2235
8 2234
9 2233
10 2232
11 2231
12 2230
13 2229
14 2228
15 2227
16 2226
17 2225
18 2224
19 2223
20 2222
21 2221
22 2220
23 2219
24 2218
25 2217
26 2216
27 2215
28 2214
29 2213
30 2212
31 2211
32 2210
33 2209
34 2208
35 2207
36 2206
37 2205
38 2204
39 2203
40 2202
41 2201
42 2200
43 2199
44 2198
45 2197
46 2196
47 2195
48 2194
49 2193
50 2192
51 2191
52 2190
53 2189
54 2188
55 2187
56 2186
57 2185
58 2184
59 2183
60 2182
61 2181
62 2180
63 2179
64 2178
65 2177
66 2176
67 2175
68 2174
69 2173
70 2172
71 2171
72 2170
73 2169
74 2168
75 2167
76 2166
77 2165
78 2164
79 2163
80 2162
81 2161
82 2160
83 2159
84 2158
85 2157
86 2156
87 2155
88 2154
89 2153
90 2152
91 2151
92 2150
93 2149
94 2148
95 2147
96 2146
97 2145
98 2144
99 2143
100 2142
101 2141
102 2140
103 2139
104 2138
105 2137
106 2136
107 2135
108 2134
109 2133
110 2132
111 2131
112 2130
113 2129
114 2128
115 2127
116 2126
117 2125
118 2124
119 2123
120 2122
121 2121
122 2120
123 2119
124 2118
125 2117
126 2116
127 2115
128 2114
129 2113
130 2112
131 2111
132 2110
133 2109
134 2108
135 2107
136 2106
137 2105
138 2104
139 2103
140 2102
141 2101
142 2100
143 2099
144 2098
145 2097
146 2096
147 2095
148 2094
149 2093
150 2092
151 2091
152 2090
153 2089
154 2088
155 2087
156 2086
157 2085
158 2084
159 2083
160 2082
161 2081
162 2080
163 2079
164 2078
165 2077
166 2076
167 2075
168 2074
169 2073
170 2072
171 2071
172 2070
173 2069
174 2068
175 2067
176 2066
177 2065
178 2064
179 2063
180 2062
181 2061
182 2060
183 2059
184 2058
185 2057
186 2056
187 2055
188 2054
189 2053
190 2052
191 2051
192 2050
193 2049
194 2048
195 2047
196 2046
197 2045
198 2044
199 2043
200 2042
201 2041
202 2040
203 2039
204 2038
205 2037
206 2036
207 2035
208 2034
209 2033
210 2032
211 2031
212 2030
213 2029
214 2028
215 2027
216 2026
217 2025
218 2024
219 2023
220 2022
221 2021
222 2020
223 2019
224 2018
225 2017
226 2016
227 2015
228 2014
229 2013
230 2012
231 2011
232 2010
233 2009
234 2008
235 2007
236 2006
237 2005
238 2004
239 2003
240 2002
241 2001
242 2000
243 1999
244 1998
245 1997
246 1996
247 1995
248 1994
249 1993
250 1992
251 1991
252 1990
253 1989
254 1988
255 1987
256 1986
257 1985
258 1984
259 1983
260 1982
261 1981
262 1980
263 1979
264 1978
265 1977
266 1976
267 1975
268 1974
269 1973
270 1972
271 1971
272 1970
273 1969
274 1968
275 1967
276 1966
277 1965
278 1964
279 1963
280 1962
281 1961
282 1960
283 1959
284 1958
285 1957
286 1956
287 1955
288 1954
289 1953
290 1952
291 1951
292 1950
293 1949
294 1948
295 1947
296 1946
297 1945
298 1944
299 1943
300 1942
301 1941
302 1940
303 1939
304 1938
305 1937
306 1936
307 1935
308 1934
309 1933
310 1932
311 1931
312 1930
313 1929
314 1928
315 1927
316 1926
317 1925
318 1924
319 1923
320 1922
321 1921
322 1920
323 1919
324 1918
325 1917
326 1916
327 1915
328 1914
329 1913
330 1912
331 1911
332 1910
333 1909
334 1908
335 1907
336 1906
337 1905
338 1904
339 1903
340 1902
341 1901
342 1900
343 1899
344 1898
345 1897
346 1896
347 1895
348 1894
349 1893
350 1892
351 1891
352 1890
353 1889
354 1888
355 1887
356 1886
357 1885
358 1884
359 1883
360 1882
361 1881
362 1880
363 1879
364 1878
365 1877
366 1876
367 1875
368 1874
369 1873
370 1872
371 1871
372 1870
373 1869
374 1868
375 1867
376 1866
377 1865
378 1864
379 1863
380 1862
381 1861
382 1860
383 1859
384 1858
385 1857
386 1856
387 1855
388 1854
389 1853
390 1852
391 1851
392 1850
393 1849
394 1848
395 1847
396 1846
397 1845
398 1844
399 1843
400 1842
401 1841
402 1840
403 1839
404 1838
405 1837
406 1836
407 1835
408 1834
409 1833
410 1832
411 1831
412 1830
413 1829
414 1828
415 1827
416 1826
417 1825
418 1824
419 1823
420 1822
421 1821
422 1820
423 1819
424 1818
425 1817
426 1816
427 1815
428 1814
429 1813
430 1812
431 1811
432 1810
433 1809
434 1808
435 1807
436 1806
437 1805
438 1804
439 1803
440 1802
441 1801
442 1800
443 1799
444 1798
445 1797
446 1796
447 1795
448 1794
449 1793
450 1792
451 1791
452 1790
453 1789
454 1788
455 1787
456 1786
457 1785
458 1784
459 1783
460 1782
461 1781
462 1780
463 1779
464 1778
465 1777
466 1776
467 1775
468 1774
469 1773
470 1772
471 1771
472 1770
473 1769
474 1768
475 1767
476 1766
477 1765
478 1764
479 1763
480 1762
481 1761
482 1760
483 1759
484 1758
485 1757
486 1756
487 1755
488 1754
489 1753
490 1752
491 1751
492 1750
493 1749
494 1748
495 1747
496 1746
497 1745
498 1744
499 1743
500 1742
501 1741
502 1740
503 1739
504 1738
505 1737
506 1736
507 1735
508 1734
509 1733
510 1732
511 1731
512 1730
513 1729
514 1728
515 1727
516 1726
517 1725
518 1724
519 1723
520 1722
521 1721
522 1720
523 1719
524 1718
525 1717
526 1716
527 1715
528 1714
529 1713
530 1712
531 1711
532 1710
533 1709
534 1708
535 1707
536 1706
537 1705
538 1704
539 1703
540 1702
541 1701
542 1700
543 1699
544 1698
545 1697
546 1696
547 1695
548 1694
549 1693
550 1692
551 1691
552 1690
553 1689
554 1688
555 1687
556 1686
557 1685
558 1684
559 1683
560 1682
561 1681
562 1680
563 1679
564 1678
565 1677
566 1676
567 1675
568 1674
569 1673
570 1672
571 1671
572 1670
573 1669
574 1668
575 1667
576 1666
577 1665
578 1664
579 1663
580 1662
581 1661
582 1660
583 1659
584 1658
585 1657
586 1656
587 1655
588 1654
589 1653
590 1652
591 1651
592 1650
593 1649
594 1648
595 1647
596 1646
597 1645
598 1644
599 1643
600 1642
601 1641
602 1640
603 1639
604 1638
605 1637
606 1636
607 1635
608 1634
609 1633
610 1632
611 1631
612 1630
613 1629
614 1628
615 1627
616 1626
617 1625
618 1624
619 1623
620 1622
621 1621
622 1620
623 1619
624 1618
625 1617
626 1616
627 1615
628 1614
629 1613
630 1612
631 1611
632 1610
633 1609
634 1608
635 1607
636 1606
637 1605
638 1604
639 1603
640 1602
641 1601
642 1600
643 1599
644 1598
645 1597
646 1596
647 1595
648 1594
649 1593
650 1592
651 1591
652 1590
653 1589
654 1588
655 1587
656 1586
657 1585
658 1584
659 1583
660 1582
661 1581
662 1580
663 1579
664 1578
665 1577
666 1576
667 1575
668 1574
669 1573
670 1572
671 1571
672 1570
673 1569
674 1568
675 1567
676 1566
677 1565
678 1564
679 1563
680 1562
681 1561
682 1560
683 1559
684 1558
685 1557
686 1556
687 1555
688 1554
689 1553
690 1552
691 1551
692 1550
693 1549
694 1548
695 1547
696 1546
697 1545
698 1544
699 1543
700 1542
701 1541
702 1540
703 1539
704 1538
705 1537
706 1536
707 1535
708 1534
709 1533
710 1532
711 1531
712 1530
713 1529
714 1528
715 1527
716 1526
717 1525
718 1524
719 1523
720 1522
721 1521
722 1520
723 1519
724 1518
725 1517
726 1516
727 1515
728 1514
729 1513
730 1512
731 1511
732 1510
733 1509
734 1508
735 1507
736 1506
737 1505
738 1504
739 1503
740 1502
741 1501
742 1500
743 1499
744 1498
745 1497
746 1496
747 1495
748 1494
749 1493
750 1492
751 1491
752 1490
753 1489
754 1488
755 1487
756 1486
757 1485
758 1484
759 1483
760 1482
761 1481
762 1480
763 1479
764 1478
765 1477
766 1476
767 1475
768 1474
769 1473
770 1472
771 1471
772 1470
773 1469
774 1468
775 1467
776 1466
777 1465
778 1464
779 1463
780 1462
781 1461
782 1460
783 1459
784 1458
785 1457
786 1456
787 1455
788 1454
789 1453
790 1452
791 1451
792 1450
793 1449
794 1448
795 1447
796 1446
797 1445
798 1444
799 1443
800 1442
801 1441
802 1440
803 1439
804 1438
805 1437
806 1436
807 1435
808 1434
809 1433
810 1432
811 1431
812 1430
813 1429
814 1428
815 1427
816 1426
817 1425
818 1424
819 1423
820 1422
821 1421
822 1420
823 1419
824 1418
825 1417
826 1416
827 1415
828 1414
829 1413
830 1412
831 1411
832 1410
833 1409
834 1408
835 1407
836 1406
837 1405
838 1404
839 1403
840 1402
841 1401
842 1400
843 1399
844 1398
845 1397
846 1396
847 1395
848 1394
849 1393
850 1392
851 1391
852 1390
853 1389
854 1388
855 1387
856 1386
857 1385
858 1384
859 1383
860 1382
861 1381
862 1380
863 1379
864 1378
865 1377
866 1376
867 1375
868 1374
869 1373
870 1372
871 1371
872 1370
873 1369
874 1368
875 1367
876 1366
877 1365
878 1364
879 1363
880 1362
881 1361
882 1360
883 1359
884 1358
885 1357
886 1356
887 1355
888 1354
889 1353
890 1352
891 1351
892 1350
893 1349
894 1348
895 1347
896 1346
897 1345
898 1344
899 1343
900 1342
901 1341
902 1340
903 1339
904 1338
905 1337
906 1336
907 1335
908 1334
909 1333
910 1332
911 1331
912 1330
913 1329
914 1328
915 1327
916 1326
917 1325
918 1324
919 1323
920 1322
921 1321
922 1320
923 1319
924 1318
925 1317
926 1316
927 1315
928 1314
929 1313
930 1312
931 1311
932 1310
933 1309
934 1308
935 1307
936 1306
937 1305
938 1304
939 1303
940 1302
941 1301
942 1300
943 1299
944 1298
945 1297
946 1296
947 1295
948 1294
949 1293
950 1292
951 1291
952 1290
953 1289
954 1288
955 1287
956 1286
957 1285
958 1284
959 1283
960 1282
961 1281
962 1280
963 1279
964 1278
965 1277
966 1276
967 1275
968 1274
969 1273
970 1272
971 1271
972 1270
973 1269
974 1268
975 1267
976 1266
977 1265
978 1264
979 1263
980 1262
981 1261
982 1260
983 1259
984 1258
985 1257
986 1256
987 1255
988 1254
989 1253
990 1252
991 1251
992 1250
993 1249
994 1248
995 1247
996 1246
997 1245
998 1244
999 1243
1000 1242
1001 1241
1002 1240
1003 1239
1004 1238
1005 1237
1006 1236
1007 1235
1008 1234
1009 1233
1010 1232
1011 1231
1012 1230
1013 1229
1014 1228
1015 1227
1016 1226
1017 1225
1018 1224
1019 1223
1020 1222
1021 1221
1022 1220
1023 1219
1024 1218
1025 1217
1026 1216
1027 1215
1028 1214
1029 1213
1030 1212
1031 1211
1032 1210
1033 1209
1034 1208
1035 1207
1036 1206
1037 1205
1038 1204
1039 1203
1040 1202
1041 1201
1042 1200
1043 1199
1044 1198
1045 1197
1046 1196
1047 1195
1048 1194
1049 1193
1050 1192
1051 1191
1052 1190
1053 1189
1054 1188
1055 1187
1056 1186
1057 1185
1058 1184
1059 1183
1060 1182
1061 1181
1062 1180
1063 1179
1064 1178
1065 1177
1066 1176
1067 1175
1068 1174
1069 1173
1070 1172
1071 1171
1072 1170
1073 1169
1074 1168
1075 1167
1076 1166
1077 1165
1078 1164
1079 1163
1080 1162
1081 1161
1082 1160
1083 1159
1084 1158
1085 1157
1086 1156
1087 1155
1088 1154
1089 1153
1090 1152
1091 1151
1092 1150
1093 1149
1094 1148
1095 1147
1096 1146
1097 1145
1098 1144
1099 1143
1100 1142
1101 1141
1102 1140
1103 1139
1104 1138
1105 1137
1106 1136
1107 1135
1108 1134
1109 1133
1110 1132
1111 1131
1112 1130
1113 1129
1114 1128
1115 1127
1116 1126
1117 1125
1118 1124
1119 1123
1120 1122
1121 1121
1122 1120
1123 1119
1124 1118
1125 1117
1126 1116
1127 1115
1128 1114
1129 1113
1130 1112
1131 1111
1132 1110
1133 1109
1134 1108
1135 1107
1136 1106
1137 1105
1138 1104
1139 1103
1140 1102
1141 1101
1142 1100
1143 1099
1144 1098
1145 1097
1146 1096
1147 1095
1148 1094
1149 1093
1150 1092
1151 1091
1152 1090
1153 1089
1154 1088
1155 1087
1156 1086
1157 1085
1158 1084
1159 1083
1160 1082
1161 1081
1162 1080
1163 1079
1164 1078
1165 1077
1166 1076
1167 1075
1168 1074
1169 1073
1170 1072
1171 1071
1172 1070
1173 1069
1174 1068
1175 1067
1176 1066
1177 1065
1178 1064
1179 1063
1180 1062
1181 1061
1182 1060
1183 1059
1184 1058
1185 1057
1186 1056
1187 1055
1188 1054
1189 1053
1190 1052
1191 1051
1192 1050
1193 1049
1194 1048
1195 1047
1196 1046
1197 1045
1198 1044
1199 1043
1200 1042
1201 1041
1202 1040
1203 1039
1204 1038
1205 1037
1206 1036
1207 1035
1208 1034
1209 1033
1210 1032
1211 1031
1212 1030
1213 1029
1214 1028
1215 1027
1216 1026
1217 1025
1218 1024
1219 1023
1220 1022
1221 1021
1222 1020
1223 1019
1224 1018
1225 1017
1226 1016
1227 1015
1228 1014
1229 1013
1230 1012
1231 1011
1232 1010
1233 1009
1234 1008
1235 1007
1236 1006
1237 1005
1238 1004
1239 1003
1240 1002
1241 1001
1242 1000
1243 999
1244 998
1245 997
1246 996
1247 995
1248 994
1249 993
1250 992
1251 991
1252 990
1253 989
1254 988
1255 987
1256 986
1257 985
1258 984
1259 983
1260 982
1261 981
1262 980
1263 979
1264 978
1265 977
1266 976
1267 975
1268 974
1269 973
1270 972
1271 971
1272 970
1273 969
1274 968
1275 967
1276 966
1277 965
1278 964
1279 963
1280 962
1281 961
1282 960
1283 959
1284 958
1285 957
1286 956
1287 955
1288 954
1289 953
1290 952
1291 951
1292 950
1293 949
1294 948
1295 947
1296 946
1297 945
1298 944
1299 943
1300 942
1301 941
1302 940
1303 939
1304 938
1305 937
1306 936
1307 935
1308 934
1309 933
1310 932
1311 931
1312 930
1313 929
1314 928
1315 927
1316 926
1317 925
1318 924
1319 923
1320 922
1321 921
1322 920
1323 919
1324 918
1325 917
1326 916
1327 915
1328 914
1329 913
1330 912
1331 911
1332 910
1333 909
1334 908
1335 907
1336 906
1337 905
1338 904
1339 903
1340 902
1341 901
1342 900
1343 899
1344 898
1345 897
1346 896
1347 895
1348 894
1349 893
1350 892
1351 891
1352 890
1353 889
1354 888
1355 887
1356 886
1357 885
1358 884
1359 883
1360 882
1361 881
1362 880
1363 879
1364 878
1365 877
1366 876
1367 875
1368 874
1369 873
1370 872
1371 871
1372 870
1373 869
1374 868
1375 867
1376 866
1377 865
1378 864
1379 863
1380 862
1381 861
1382 860
1383 859
1384 858
1385 857
1386 856
1387 855
1388 854
1389 853
1390 852
1391 851
1392 850
1393 849
1394 848
1395 847
1396 846
1397 845
1398 844
1399 843
1400 842
1401 841
1402 840
1403 839
1404 838
1405 837
1406 836
1407 835
1408 834
1409 833
1410 832
1411 831
1412 830
1413 829
1414 828
1415 827
1416 826
1417 825
1418 824
1419 823
1420 822
1421 821
1422 820
1423 819
1424 818
1425 817
1426 816
1427 815
1428 814
1429 813
1430 812
1431 811
1432 810
1433 809
1434 808
1435 807
1436 806
1437 805
1438 804
1439 803
1440 802
1441 801
1442 800
1443 799
1444 798
1445 797
1446 796
1447 795
1448 794
1449 793
1450 792
1451 791
1452 790
1453 789
1454 788
1455 787
1456 786
1457 785
1458 784
1459 783
1460 782
1461 781
1462 780
1463 779
1464 778
1465 777
1466 776
1467 775
1468 774
1469 773
1470 772
1471 771
1472 770
1473 769
1474 768
1475 767
1476 766
1477 765
1478 764
1479 763
1480 762
1481 761
1482 760
1483 759
1484 758
1485 757
1486 756
1487 755
1488 754
1489 753
1490 752
1491 751
1492 750
1493 749
1494 748
1495 747
1496 746
1497 745
1498 744
1499 743
1500 742
1501 741
1502 740
1503 739
1504 738
1505 737
1506 736
1507 735
1508 734
1509 733
1510 732
1511 731
1512 730
1513 729
1514 728
1515 727
1516 726
1517 725
1518 724
1519 723
1520 722
1521 721
1522 720
1523 719
1524 718
1525 717
1526 716
1527 715
1528 714
1529 713
1530 712
1531 711
1532 710
1533 709
1534 708
1535 707
1536 706
1537 705
1538 704
1539 703
1540 702
1541 701
1542 700
1543 699
1544 698
1545 697
1546 696
1547 695
1548 694
1549 693
1550 692
1551 691
1552 690
1553 689
1554 688
1555 687
1556 686
1557 685
1558 684
1559 683
1560 682
1561 681
1562 680
1563 679
1564 678
1565 677
1566 676
1567 675
1568 674
1569 673
1570 672
1571 671
1572 670
1573 669
1574 668
1575 667
1576 666
1577 665
1578 664
1579 663
1580 662
1581 661
1582 660
1583 659
1584 658
1585 657
1586 656
1587 655
1588 654
1589 653
1590 652
1591 651
1592 650
1593 649
1594 648
1595 647
1596 646
1597 645
1598 644
1599 643
1600 642
1601 641
1602 640
1603 639
1604 638
1605 637
1606 636
1607 635
1608 634
1609 633
1610 632
1611 631
1612 630
1613 629
1614 628
1615 627
1616 626
1617 625
1618 624
1619 623
1620 622
1621 621
1622 620
1623 619
1624 618
1625 617
1626 616
1627 615
1628 614
1629 613
1630 612
1631 611
1632 610
1633 609
1634 608
1635 607
1636 606
1637 605
1638 604
1639 603
1640 602
1641 601
1642 600
1643 599
1644 598
1645 597
1646 596
1647 595
1648 594
1649 593
1650 592
1651 591
1652 590
1653 589
1654 588
1655 587
1656 586
1657 585
1658 584
1659 583
1660 582
1661 581
1662 580
1663 579
1664 578
1665 577
1666 576
1667 575
1668 574
1669 573
1670 572
1671 571
1672 570
1673 569
1674 568
1675 567
1676 566
1677 565
1678 564
1679 563
1680 562
1681 561
1682 560
1683 559
1684 558
1685 557
1686 556
1687 555
1688 554
1689 553
1690 552
1691 551
1692 550
1693 549
1694 548
1695 547
1696 546
1697 545
1698 544
1699 543
1700 542
1701 541
1702 540
1703 539
1704 538
1705 537
1706 536
1707 535
1708 534
1709 533
1710 532
1711 531
1712 530
1713 529
1714 528
1715 527
1716 526
1717 525
1718 524
1719 523
1720 522
1721 521
1722 520
1723 519
1724 518
1725 517
1726 516
1727 515
1728 514
1729 513
1730 512
1731 511
1732 510
1733 509
1734 508
1735 507
1736 506
1737 505
1738 504
1739 503
1740 502
1741 501
1742 500
1743 499
1744 498
1745 497
1746 496
1747 495
1748 494
1749 493
1750 492
1751 491
1752 490
1753 489
1754 488
1755 487
1756 486
1757 485
1758 484
1759 483
1760 482
1761 481
1762 480
1763 479
1764 478
1765 477
1766 476
1767 475
1768 474
1769 473
1770 472
1771 471
1772 470
1773 469
1774 468
1775 467
1776 466
1777 465
1778 464
1779 463
1780 462
1781 461
1782 460
1783 459
1784 458
1785 457
1786 456
1787 455
1788 454
1789 453
1790 452
1791 451
1792 450
1793 449
1794 448
1795 447
1796 446
1797 445
1798 444
1799 443
1800 442
1801 441
1802 440
1803 439
1804 438
1805 437
1806 436
1807 435
1808 434
1809 433
1810 432
1811 431
1812 430
1813 429
1814 428
1815 427
1816 426
1817 425
1818 424
1819 423
1820 422
1821 421
1822 420
1823 419
1824 418
1825 417
1826 416
1827 415
1828 414
1829 413
1830 412
1831 411
1832 410
1833 409
1834 408
1835 407
1836 406
1837 405
1838 404
1839 403
1840 402
1841 401
1842 400
1843 399
1844 398
1845 397
1846 396
1847 395
1848 394
1849 393
1850 392
1851 391
1852 390
1853 389
1854 388
1855 387
1856 386
1857 385
1858 384
1859 383
1860 382
1861 381
1862 380
1863 379
1864 378
1865 377
1866 376
1867 375
1868 374
1869 373
1870 372
1871 371
1872 370
1873 369
1874 368
1875 367
1876 366
1877 365
1878 364
1879 363
1880 362
1881 361
1882 360
1883 359
1884 358
1885 357
1886 356
1887 355
1888 354
1889 353
1890 352
1891 351
1892 350
1893 349
1894 348
1895 347
1896 346
1897 345
1898 344
1899 343
1900 342
1901 341
1902 340
1903 339
1904 338
1905 337
1906 336
1907 335
1908 334
1909 333
1910 332
1911 331
1912 330
1913 329
1914 328
1915 327
1916 326
1917 325
1918 324
1919 323
1920 322
1921 321
1922 320
1923 319
1924 318
1925 317
1926 316
1927 315
1928 314
1929 313
1930 312
1931 311
1932 310
1933 309
1934 308
1935 307
1936 306
1937 305
1938 304
1939 303
1940 302
1941 301
1942 300
1943 299
1944 298
1945 297
1946 296
1947 295
1948 294
1949 293
1950 292
1951 291
1952 290
1953 289
1954 288
1955 287
1956 286
1957 285
1958 284
1959 283
1960 282
1961 281
1962 280
1963 279
1964 278
1965 277
1966 276
1967 275
1968 274
1969 273
1970 272
1971 271
1972 270
1973 269
1974 268
1975 267
1976 266
1977 265
1978 264
1979 263
1980 262
1981 261
1982 260
1983 259
1984 258
1985 257
1986 256
1987 255
1988 254
1989 253
1990 252
1991 251
1992 250
1993 249
1994 248
1995 247
1996 246
1997 245
1998 244
1999 243
2000 242
2001 241
2002 240
2003 239
2004 238
2005 237
2006 236
2007 235
2008 234
2009 233
2010 232
2011 231
2012 230
2013 229
2014 228
2015 227
2016 226
2017 225
2018 224
2019 223
2020 222
2021 221
2022 220
2023 219
2024 218
2025 217
2026 216
2027 215
2028 214
2029 213
2030 212
2031 211
2032 210
2033 209
2034 208
2035 207
2036 206
2037 205
2038 204
2039 203
2040 202
2041 201
2042 200
2043 199
2044 198
2045 197
2046 196
2047 195
2048 194
2049 193
2050 192
2051 191
2052 190
2053 189
2054 188
2055 187
2056 186
2057 185
2058 184
2059 183
2060 182
2061 181
2062 180
2063 179
2064 178
2065 177
2066 176
2067 175
2068 174
2069 173
2070 172
2071 171
2072 170
2073 169
2074 168
2075 167
2076 166
2077 165
2078 164
2079 163
2080 162
2081 161
2082 160
2083 159
2084 158
2085 157
2086 156
2087 155
2088 154
2089 153
2090 152
2091 151
2092 150
2093 149
2094 148
2095 147
2096 146
2097 145
2098 144
2099 143
2100 142
2101 141
2102 140
2103 139
2104 138
2105 137
2106 136
2107 135
2108 134
2109 133
2110 132
2111 131
2112 130
2113 129
2114 128
2115 127
2116 126
2117 125
2118 124
2119 123
2120 122
2121 121
2122 120
2123 119
2124 118
2125 117
2126 116
2127 115
2128 114
2129 113
2130 112
2131 111
2132 110
2133 109
2134 108
2135 107
2136 106
2137 105
2138 104
2139 103
2140 102
2141 101
2142 100
2143 99
2144 98
2145 97
2146 96
2147 95
2148 94
2149 93
2150 92
2151 91
2152 90
2153 89
2154 88
2155 87
2156 86
2157 85
2158 84
2159 83
2160 82
2161 81
2162 80
2163 79
2164 78
2165 77
2166 76
2167 75
2168 74
2169 73
2170 72
2171 71
2172 70
2173 69
2174 68
2175 67
2176 66
2177 65
2178 64
2179 63
2180 62
2181 61
2182 60
2183 59
2184 58
2185 57
2186 56
2187 55
2188 54
2189 53
2190 52
2191 51
2192 50
2193 49
2194 48
2195 47
2196 46
2197 45
2198 44
2199 43
2200 42
2201 41
2202 40
2203 39
2204 38
2205 37
2206 36
2207 35
2208 34
2209 33
2210 32
2211 31
2212 30
2213 29
2214 28
2215 27
2216 26
2217 25
2218 24
2219 23
2220 22
2221 21
2222 20
2223 19
2224 18
2225 17
2226 16
2227 15
2228 14
2229 13
2230 12
2231 11
2232 10
2233 9
2234 8
2235 7
2236 6
2237 5
2238 4
2239 3
2240 2
2241 1
