901 8
902 8
903 8
904 8
905 8
906 8
907 8
908 8
909 8
910 8
911 8
912 8
913 8
914 8
915 8
916 8
917 8
918 8
919 8
920 8
921 8
922 8
923 8
924 8
925 8
926 8
927 8
928 8
929 8
930 8
931 8
932 8
933 8
934 8
935 8
936 8
937 8
938 8
939 8
940 8
941 8
942 8
943 8
944 8
945 8
946 8
947 8
948 8
949 8
950 8
951 8
952 8
953 8
954 8
955 8
956 8
957 8
958 8
959 8
960 8
961 8
962 8
963 8
964 8
965 8
966 8
967 8
968 8
969 8
970 8
971 8
972 8
973 8
974 8
975 8
976 8
977 8
978 8
979 8
980 8
981 8
982 8
983 8
984 8
985 8
986 8
987 8
988 8
989 8
990 8
991 8
992 8
993 8
994 8
995 8
996 8
997 8
998 8
999 7
1000 7
1001 7
1002 7
1003 7
1004 7
1005 7
1006 7
1007 7
1008 7
1009 7
1010 7
1011 7
1012 7
1013 7
1014 7
1015 7
1016 7
1017 7
1018 7
1019 7
1020 7
1021 7
1022 7
1023 7
1024 7
1025 7
1026 7
1027 7
1028 7
1029 7
1030 7
1031 7
1032 7
1033 7
1034 7
1035 7
1036 7
1037 7
1038 7
1039 7
1040 7
1041 7
1042 7
1043 7
1044 7
1045 7
1046 7
1047 7
1048 7
1049 7
1050 7
1051 7
1052 7
1053 7
1054 7
1055 7
1056 7
1057 7
1058 7
1059 7
1060 7
1061 7
1062 7
1063 7
1064 7
1065 7
1066 7
1067 7
1068 7
1069 7
1070 7
1071 7
1072 7
1073 7
1074 7
1075 7
1076 7
1077 7
1078 7
1079 7
1080 7
1081 7
1082 7
1083 7
1084 7
1085 7
1086 7
1087 7
1088 7
1089 7
1090 7
1091 7
1092 7
1093 7
1094 7
1095 7
1096 7
1097 7
1098 7
1099 7
1100 7
1101 7
1102 7
1103 7
1104 7
1105 7
1106 7
1107 7
1108 7
1109 7
1110 7
1111 7
1112 7
1113 7
1114 7
1115 7
1116 7
1117 7
1118 7
1119 7
1120 7
1121 7
1122 7
1123 7
1124 7
1125 7
1126 7
1127 7
1128 7
1129 7
1130 7
1131 7
1132 7
1133 7
1134 7
1135 7
1136 7
1137 7
1138 7
1139 7
1140 7
1141 7
1142 7
1143 7
1144 7
1145 7
1146 7
1147 7
1148 7
1149 7
1150 7
1151 7
1152 7
1153 7
1154 7
1155 7
1156 7
1157 7
1158 7
1159 7
1160 7
1161 7
1162 7
1163 7
1164 7
1165 7
1166 7
1167 7
1168 7
1169 7
1170 7
1171 7
1172 7
1173 7
1174 7
1175 7
1176 7
1177 7
1178 7
1179 7
1180 7
1181 7
1182 7
1183 7
1184 7
1185 7
1186 7
1187 7
1188 7
1189 7
1190 7
1191 7
1192 7
1193 7
1194 7
1195 7
1196 7
1197 7
1198 7
1199 7
1200 7
1201 7
1202 7
1203 7
1204 7
1205 7
1206 7
1207 7
1208 7
1209 7
1210 7
1211 7
1212 7
1213 7
1214 7
1215 7
1216 7
1217 7
1218 7
1219 7
1220 7
1221 7
1222 7
1223 7
1224 7
1225 7
1226 7
1227 7
1228 7
1229 7
1230 7
1231 7
1232 7
1233 7
1234 7
1235 7
1236 7
1237 7
1238 7
1239 7
1240 7
1241 7
1242 7
1243 7
1244 7
1245 7
1246 7
1247 7
1248 7
1249 7
1250 7
1251 7
1252 7
1253 7
1254 7
1255 7
1256 7
1257 7
1258 7
1259 7
1260 7
1261 7
1262 7
1263 7
1264 7
1265 7
1266 7
1267 7
1268 7
1269 7
1270 7
1271 7
1272 7
1273 7
1274 7
1275 7
1276 7
1277 7
1278 7
1279 7
1280 7
1281 7
1282 7
1283 7
1284 7
1285 7
1286 7
1287 7
1288 7
1289 7
1290 7
1291 7
1292 7
1293 7
1294 7
1295 7
1296 7
1297 7
1298 7
1299 7
1300 7
1301 7
1302 7
1303 7
1304 7
1305 7
1306 7
1307 7
1308 7
1309 7
1310 7
1311 7
1312 7
1313 7
1314 7
1315 7
1316 7
1317 7
1318 7
1319 7
1320 7
1321 7
1322 7
1323 7
1324 7
1325 7
1326 7
1327 7
1328 7
1329 7
1330 7
1331 7
1332 7
1333 7
1334 7
1335 7
1336 7
1337 7
1338 7
1339 7
1340 7
1341 7
1342 7
1343 7
1344 7
1345 7
1346 7
1347 7
1348 7
1349 7
