1801 7
1802 7
1803 7
1804 7
1805 7
1806 6
1807 5
1808 2
1809 6
1810 5
1811 6
1812 5
1813 6
1814 6
1815 5
1816 2
1817 7
1818 5
1819 5
1820 6
1821 6
1822 6
1823 3
1824 4
1825 3
1826 7
1827 4
1828 5
1829 7
1830 7
1831 6
1832 7
1833 7
1834 7
1835 6
1836 7
1837 6
1838 7
1839 6
1840 7
1841 6
1842 7
1843 1
1844 7
1845 6
1846 7
1847 8
1848 7
1849 5
1850 7
1851 6
1852 7
1853 7
1854 7
1855 7
1856 6
1857 3
1858 6
1859 7
1860 6
1861 7
1862 8
1863 7
1864 6
1865 7
1866 8
1867 7
1868 7
1869 7
1870 6
1871 8
1872 6
1873 7
1874 7
1875 6
1876 6
1877 5
1878 7
1879 5
1880 6
1881 6
1882 7
1883 2
1884 7
1885 7
1886 5
1887 7
1888 7
1889 3
1890 6
1891 7
1892 7
1893 6
1894 6
1895 5
1896 7
1897 6
1898 5
1899 7
1900 6
1901 5
1902 6
1903 7
1904 7
1905 5
1906 4
1907 7
1908 6
1909 6
1910 5
1911 7
1912 6
1913 5
1914 7
1915 7
1916 6
1917 4
1918 7
1919 4
1920 8
1921 5
1922 0
1923 7
1924 6
1925 6
1926 1
1927 6
1928 5
1929 6
1930 7
1931 5
1932 7
1933 5
1934 2
1935 8
1936 6
1937 5
1938 7
1939 5
1940 6
1941 6
1942 3
1943 7
1944 5
1945 5
1946 4
1947 3
1948 6
1949 7
1950 8
1951 7
1952 7
1953 7
1954 5
1955 5
1956 6
1957 8
1958 5
1959 6
1960 6
1961 5
1962 2
1963 4
1964 7
1965 7
1966 7
1967 6
1968 6
1969 5
1970 4
1971 7
1972 7
1973 7
1974 6
1975 7
1976 6
1977 7
1978 4
1979 4
1980 7
1981 7
1982 7
1983 6
1984 7
1985 6
1986 6
1987 5
1988 6
1989 7
1990 7
1991 4
1992 6
1993 3
1994 7
1995 6
1996 8
1997 6
1998 7
1999 6
2000 6
2001 3
2002 8
2003 1
2004 7
2005 5
2006 5
2007 7
2008 7
2009 6
2010 8
2011 6
2012 7
2013 7
2014 7
2015 7
2016 5
2017 3
2018 7
2019 6
2020 5
2021 7
2022 7
2023 7
2024 8
2025 5
2026 3
2027 6
2028 4
2029 6
2030 8
2031 7
2032 3
2033 1
2034 4
2035 7
2036 6
2037 4
2038 4
2039 7
2040 3
2041 7
2042 1
2043 5
2044 7
2045 5
2046 6
2047 4
2048 8
2049 6
2050 7
2051 5
2052 6
2053 6
2054 7
2055 5
2056 3
2057 4
2058 7
2059 6
2060 7
2061 7
2062 6
2063 7
2064 7
2065 4
2066 5
2067 8
2068 6
2069 8
2070 7
2071 4
2072 7
2073 5
2074 7
2075 7
2076 7
2077 7
2078 4
2079 9
2080 6
2081 8
2082 6
2083 7
2084 7
2085 8
2086 5
2087 5
2088 7
2089 5
2090 8
2091 6
2092 4
2093 8
2094 6
2095 6
2096 7
2097 5
2098 7
2099 6
2100 6
2101 4
2102 7
2103 7
2104 6
2105 7
2106 7
2107 4
2108 4
2109 4
2110 8
2111 3
2112 7
2113 7
2114 4
2115 8
2116 6
2117 5
2118 6
2119 4
2120 6
2121 7
2122 7
2123 5
2124 6
2125 4
2126 7
2127 6
2128 8
2129 7
2130 7
2131 8
2132 6
2133 6
2134 4
2135 5
2136 8
2137 7
2138 7
2139 7
2140 6
2141 6
2142 4
2143 7
2144 7
2145 8
2146 0
2147 7
2148 7
2149 7
2150 8
2151 4
2152 8
2153 8
2154 6
2155 6
2156 7
2157 6
2158 4
2159 6
2160 6
2161 6
2162 7
2163 6
2164 7
2165 6
2166 7
2167 6
2168 5
2169 2
2170 0
2171 3
2172 7
2173 1
2174 8
2175 2
2176 6
2177 7
2178 6
2179 7
2180 5
2181 7
2182 6
2183 4
2184 5
2185 5
2186 7
2187 8
2188 7
2189 7
2190 7
2191 7
2192 8
2193 7
2194 7
2195 7
2196 6
2197 8
2198 6
2199 5
2200 7
2201 3
2202 6
2203 5
2204 6
2205 6
2206 4
2207 8
2208 5
2209 6
2210 6
2211 6
2212 5
2213 6
2214 5
2215 0
2216 6
2217 7
2218 5
2219 7
2220 7
2221 2
2222 8
2223 8
2224 7
2225 5
2226 8
2227 6
2228 8
2229 8
2230 3
2231 9
2232 3
2233 6
2234 8
2235 6
2236 7
2237 7
2238 5
2239 7
2240 7
