901 8
902 11
903 10
904 11
905 10
906 10
907 11
908 12
909 11
910 10
911 10
912 12
913 11
914 11
915 11
916 6
917 11
918 11
919 11
920 11
921 12
922 11
923 11
924 10
925 9
926 5
927 12
928 11
929 11
930 11
931 11
932 9
933 9
934 10
935 12
936 12
937 12
938 8
939 11
940 11
941 10
942 8
943 10
944 12
945 7
946 10
947 10
948 10
949 12
950 6
951 11
952 11
953 7
954 10
955 9
956 11
957 11
958 12
959 11
960 8
961 9
962 10
963 9
964 10
965 8
966 11
967 10
968 4
969 9
970 11
971 10
972 9
973 10
974 2
975 10
976 11
977 8
978 11
979 12
980 11
981 9
982 11
983 11
984 9
985 9
986 11
987 11
988 11
989 11
990 11
991 12
992 11
993 11
994 11
995 11
996 11
997 10
998 10
999 9
1000 11
1001 11
1002 11
1003 9
1004 10
1005 10
1006 10
1007 10
1008 12
1009 9
1010 10
1011 10
1012 11
1013 9
1014 11
1015 11
1016 11
1017 8
1018 10
1019 11
1020 11
1021 11
1022 12
1023 11
1024 7
1025 7
1026 9
1027 11
1028 11
1029 10
1030 11
1031 10
1032 12
1033 11
1034 9
1035 10
1036 10
1037 11
1038 11
1039 11
1040 11
1041 9
1042 11
1043 11
1044 10
1045 12
1046 11
1047 11
1048 9
1049 9
1050 10
1051 11
1052 11
1053 9
1054 11
1055 10
1056 10
1057 11
1058 10
1059 9
1060 10
1061 11
1062 11
1063 10
1064 8
1065 11
1066 10
1067 10
1068 8
1069 5
1070 11
1071 11
1072 10
1073 10
1074 11
1075 10
1076 11
1077 11
1078 11
1079 11
1080 11
1081 10
1082 11
1083 11
1084 7
1085 11
1086 11
1087 8
1088 11
1089 10
1090 11
1091 11
1092 11
1093 8
1094 10
1095 10
1096 11
1097 12
1098 11
1099 11
1100 10
1101 11
1102 10
1103 9
1104 10
1105 11
1106 12
1107 10
1108 12
1109 11
1110 7
1111 10
1112 10
1113 11
1114 12
1115 12
1116 11
1117 11
1118 11
1119 11
1120 10
1121 11
1122 10
1123 10
1124 11
1125 10
1126 11
1127 11
1128 10
1129 10
1130 11
1131 11
1132 11
1133 11
1134 11
1135 9
1136 11
1137 9
1138 6
1139 11
1140 7
1141 10
1142 12
1143 6
1144 11
1145 11
1146 11
1147 11
1148 8
1149 11
1150 10
1151 10
1152 10
1153 12
1154 12
1155 10
1156 6
1157 11
1158 9
1159 10
1160 11
1161 11
1162 9
1163 6
1164 11
1165 11
1166 11
1167 11
1168 11
1169 6
1170 12
1171 10
1172 7
1173 9
1174 9
1175 11
1176 9
1177 11
1178 11
1179 10
1180 10
1181 8
1182 12
1183 10
1184 11
1185 11
1186 7
1187 12
1188 11
1189 11
1190 11
1191 11
1192 11
1193 6
1194 11
1195 11
1196 11
1197 9
1198 9
1199 11
1200 9
1201 7
1202 10
1203 10
1204 10
1205 9
1206 11
1207 11
1208 12
1209 11
1210 10
1211 10
1212 11
1213 10
1214 8
1215 9
1216 11
1217 12
1218 11
1219 11
1220 9
1221 10
1222 11
1223 11
1224 11
1225 11
1226 9
1227 11
1228 11
1229 11
1230 9
1231 11
1232 12
1233 11
1234 12
1235 11
1236 11
1237 8
1238 5
1239 6
1240 11
1241 11
1242 11
1243 11
1244 8
1245 11
1246 11
1247 12
1248 9
1249 9
1250 11
1251 10
1252 11
1253 9
1254 11
1255 11
1256 11
1257 12
1258 10
1259 5
1260 9
1261 10
1262 12
1263 9
1264 11
1265 11
1266 11
1267 11
1268 10
1269 10
1270 11
1271 11
1272 11
1273 9
1274 8
1275 10
1276 7
1277 10
1278 12
1279 9
1280 11
1281 12
1282 9
1283 9
1284 12
1285 11
1286 10
1287 9
1288 11
1289 12
1290 9
1291 11
1292 10
1293 6
1294 11
1295 11
1296 11
1297 11
1298 3
1299 11
1300 10
1301 10
1302 8
1303 10
1304 10
1305 11
1306 11
1307 9
1308 10
1309 11
1310 10
1311 11
1312 11
1313 11
1314 9
1315 11
1316 11
1317 11
1318 11
1319 10
1320 9
1321 11
1322 11
1323 9
1324 11
1325 11
1326 9
1327 12
1328 10
1329 11
1330 11
1331 10
1332 11
1333 10
1334 11
1335 11
1336 11
1337 11
1338 7
1339 10
1340 11
1341 11
1342 9
1343 10
1344 11
1345 11
1346 10
1347 10
1348 11
1349 12
