1351 7
1352 7
1353 7
1354 7
1355 7
1356 7
1357 7
1358 7
1359 7
1360 7
1361 7
1362 7
1363 7
1364 7
1365 7
1366 7
1367 7
1368 7
1369 7
1370 7
1371 7
1372 7
1373 7
1374 7
1375 7
1376 7
1377 7
1378 7
1379 7
1380 7
1381 7
1382 7
1383 7
1384 7
1385 7
1386 7
1387 7
1388 7
1389 7
1390 7
1391 7
1392 7
1393 7
1394 7
1395 7
1396 7
1397 7
1398 7
1399 7
1400 7
1401 7
1402 7
1403 7
1404 7
1405 7
1406 7
1407 7
1408 7
1409 7
1410 7
1411 7
1412 7
1413 7
1414 7
1415 7
1416 7
1417 7
1418 7
1419 7
1420 7
1421 7
1422 7
1423 7
1424 7
1425 7
1426 7
1427 7
1428 7
1429 7
1430 7
1431 7
1432 7
1433 7
1434 7
1435 7
1436 7
1437 7
1438 7
1439 7
1440 7
1441 7
1442 7
1443 7
1444 7
1445 7
1446 7
1447 7
1448 7
1449 7
1450 7
1451 7
1452 7
1453 7
1454 7
1455 7
1456 7
1457 7
1458 7
1459 7
1460 7
1461 7
1462 7
1463 7
1464 7
1465 7
1466 7
1467 7
1468 7
1469 7
1470 7
1471 7
1472 7
1473 7
1474 7
1475 7
1476 7
1477 7
1478 7
1479 7
1480 7
1481 7
1482 7
1483 7
1484 7
1485 7
1486 7
1487 7
1488 7
1489 7
1490 7
1491 7
1492 7
1493 7
1494 7
1495 7
1496 7
1497 7
1498 7
1499 7
1500 7
1501 7
1502 7
1503 7
1504 7
1505 7
1506 7
1507 7
1508 7
1509 7
1510 7
1511 7
1512 7
1513 7
1514 7
1515 7
1516 7
1517 7
1518 7
1519 7
1520 7
1521 7
1522 7
1523 7
1524 7
1525 7
1526 7
1527 7
1528 7
1529 7
1530 7
1531 7
1532 7
1533 7
1534 7
1535 7
1536 7
1537 7
1538 7
1539 7
1540 7
1541 7
1542 7
1543 7
1544 7
1545 7
1546 7
1547 7
1548 7
1549 7
1550 7
1551 7
1552 7
1553 7
1554 7
1555 7
1556 7
1557 7
1558 7
1559 7
1560 7
1561 7
1562 7
1563 7
1564 7
1565 7
1566 7
1567 7
1568 7
1569 7
1570 7
1571 7
1572 7
1573 7
1574 7
1575 7
1576 7
1577 6
1578 6
1579 6
1580 6
1581 6
1582 6
1583 6
1584 6
1585 6
1586 6
1587 6
1588 6
1589 6
1590 6
1591 6
1592 6
1593 6
1594 6
1595 6
1596 6
1597 6
1598 6
1599 6
1600 6
1601 6
1602 6
1603 6
1604 6
1605 6
1606 6
1607 6
1608 6
1609 6
1610 6
1611 6
1612 6
1613 6
1614 6
1615 6
1616 6
1617 6
1618 6
1619 6
1620 6
1621 6
1622 6
1623 6
1624 6
1625 6
1626 6
1627 6
1628 6
1629 6
1630 6
1631 6
1632 6
1633 6
1634 6
1635 6
1636 6
1637 6
1638 6
1639 6
1640 6
1641 6
1642 6
1643 6
1644 6
1645 6
1646 6
1647 6
1648 6
1649 6
1650 6
1651 6
1652 6
1653 6
1654 6
1655 6
1656 6
1657 6
1658 6
1659 6
1660 6
1661 6
1662 6
1663 6
1664 6
1665 6
1666 6
1667 6
1668 6
1669 6
1670 6
1671 6
1672 6
1673 6
1674 6
1675 6
1676 6
1677 6
1678 6
1679 6
1680 6
1681 6
1682 6
1683 6
1684 6
1685 6
1686 6
1687 6
1688 6
1689 6
1690 6
1691 6
1692 6
1693 6
1694 6
1695 6
1696 6
1697 6
1698 6
1699 6
1700 6
1701 6
1702 6
1703 6
1704 6
1705 6
1706 6
1707 6
1708 6
1709 6
1710 6
1711 6
1712 6
1713 6
1714 6
1715 6
1716 6
1717 6
1718 6
1719 6
1720 6
1721 6
1722 6
1723 6
1724 6
1725 6
1726 6
1727 6
1728 6
1729 6
1730 6
1731 6
1732 6
1733 6
1734 6
1735 6
1736 6
1737 6
1738 6
1739 6
1740 6
1741 6
1742 6
1743 6
1744 6
1745 6
1746 6
1747 6
1748 6
1749 6
1750 6
1751 6
1752 6
1753 6
1754 6
1755 6
1756 6
1757 6
1758 6
1759 6
1760 6
1761 6
1762 6
1763 6
1764 6
1765 6
1766 6
1767 6
1768 6
1769 6
1770 6
1771 6
1772 6
1773 6
1774 6
1775 6
1776 6
1777 6
1778 6
1779 6
1780 6
1781 6
1782 6
1783 6
1784 6
1785 6
1786 6
1787 6
1788 6
1789 6
1790 6
1791 6
1792 6
1793 6
1794 6
1795 6
1796 6
1797 6
1798 6
1799 6
