901 7
902 7
903 7
904 7
905 7
906 6
907 5
908 2
909 6
910 5
911 6
912 5
913 6
914 6
915 5
916 2
917 7
918 5
919 5
920 6
921 6
922 6
923 3
924 4
925 3
926 7
927 4
928 5
929 7
930 7
931 6
932 7
933 7
934 7
935 6
936 7
937 6
938 7
939 6
940 7
941 6
942 7
943 1
944 7
945 6
946 7
947 8
948 7
949 5
950 7
951 6
952 7
953 7
954 7
955 7
956 6
957 3
958 6
959 7
960 6
961 7
962 8
963 7
964 6
965 7
966 8
967 7
968 7
969 7
970 6
971 8
972 6
973 7
974 7
975 6
976 6
977 5
978 7
979 5
980 6
981 6
982 7
983 2
984 7
985 7
986 5
987 7
988 7
989 3
990 6
991 7
992 7
993 6
994 6
995 5
996 7
997 6
998 5
999 7
1000 6
1001 5
1002 6
1003 7
1004 7
1005 5
1006 4
1007 7
1008 6
1009 6
1010 5
1011 7
1012 6
1013 5
1014 7
1015 7
1016 6
1017 4
1018 7
1019 4
1020 8
1021 5
1022 0
1023 7
1024 6
1025 6
1026 1
1027 6
1028 5
1029 6
1030 7
1031 5
1032 7
1033 5
1034 2
1035 8
1036 6
1037 5
1038 7
1039 5
1040 6
1041 6
1042 3
1043 7
1044 5
1045 5
1046 4
1047 3
1048 6
1049 7
1050 8
1051 7
1052 7
1053 7
1054 5
1055 5
1056 6
1057 8
1058 5
1059 6
1060 6
1061 5
1062 2
1063 4
1064 7
1065 7
1066 7
1067 6
1068 6
1069 5
1070 4
1071 7
1072 7
1073 7
1074 6
1075 7
1076 6
1077 7
1078 4
1079 4
1080 7
1081 7
1082 7
1083 6
1084 7
1085 6
1086 6
1087 5
1088 6
1089 7
1090 7
1091 4
1092 6
1093 3
1094 7
1095 6
1096 8
1097 6
1098 7
1099 6
1100 6
1101 3
1102 8
1103 1
1104 7
1105 5
1106 5
1107 7
1108 7
1109 6
1110 8
1111 6
1112 7
1113 7
1114 7
1115 7
1116 5
1117 3
1118 7
1119 6
1120 5
1121 7
1122 7
1123 7
1124 8
1125 5
1126 3
1127 6
1128 4
1129 6
1130 8
1131 7
1132 3
1133 1
1134 4
1135 7
1136 6
1137 4
1138 4
1139 7
1140 3
1141 7
1142 1
1143 5
1144 7
1145 5
1146 6
1147 4
1148 8
1149 6
1150 7
1151 5
1152 6
1153 6
1154 7
1155 5
1156 3
1157 4
1158 7
1159 6
1160 7
1161 7
1162 6
1163 7
1164 7
1165 4
1166 5
1167 8
1168 6
1169 8
1170 7
1171 4
1172 7
1173 5
1174 7
1175 7
1176 7
1177 7
1178 4
1179 9
1180 6
1181 8
1182 6
1183 7
1184 7
1185 8
1186 5
1187 5
1188 7
1189 5
1190 8
1191 6
1192 4
1193 8
1194 6
1195 6
1196 7
1197 5
1198 7
1199 6
1200 6
1201 4
1202 7
1203 7
1204 6
1205 7
1206 7
1207 4
1208 4
1209 4
1210 8
1211 3
1212 7
1213 7
1214 4
1215 8
1216 6
1217 5
1218 6
1219 4
1220 6
1221 7
1222 7
1223 5
1224 6
1225 4
1226 7
1227 6
1228 8
1229 7
1230 7
1231 8
1232 6
1233 6
1234 4
1235 5
1236 8
1237 7
1238 7
1239 7
1240 6
1241 6
1242 4
1243 7
1244 7
1245 8
1246 0
1247 7
1248 7
1249 7
1250 8
1251 4
1252 8
1253 8
1254 6
1255 6
1256 7
1257 6
1258 4
1259 6
1260 6
1261 6
1262 7
1263 6
1264 7
1265 6
1266 7
1267 6
1268 5
1269 2
1270 0
1271 3
1272 7
1273 1
1274 8
1275 2
1276 6
1277 7
1278 6
1279 7
1280 5
1281 7
1282 6
1283 4
1284 5
1285 5
1286 7
1287 8
1288 7
1289 7
1290 7
1291 7
1292 8
1293 7
1294 7
1295 7
1296 6
1297 8
1298 6
1299 5
1300 7
1301 3
1302 6
1303 5
1304 6
1305 6
1306 4
1307 8
1308 5
1309 6
1310 6
1311 6
1312 5
1313 6
1314 5
1315 0
1316 6
1317 7
1318 5
1319 7
1320 7
1321 2
1322 8
1323 8
1324 7
1325 5
1326 8
1327 6
1328 8
1329 8
1330 3
1331 9
1332 3
1333 6
1334 8
1335 6
1336 7
1337 7
1338 5
1339 7
1340 7
1341 7
1342 1
1343 7
1344 7
1345 7
1346 8
1347 6
1348 7
1349 6
