0 8
1 11
2 10
3 11
4 10
5 10
6 11
7 12
8 11
9 10
10 10
11 12
12 11
13 11
14 11
15 6
16 11
17 11
18 11
19 11
20 12
21 11
22 11
23 10
24 9
25 5
26 12
27 11
28 11
29 11
30 11
31 9
32 9
33 10
34 12
35 12
36 12
37 8
38 11
39 11
40 10
41 8
42 10
43 12
44 7
45 10
46 10
47 10
48 12
49 6
50 11
51 11
52 7
53 10
54 9
55 11
56 11
57 12
58 11
59 8
60 9
61 10
62 9
63 10
64 8
65 11
66 10
67 4
68 9
69 11
70 10
71 9
72 10
73 2
74 10
75 11
76 8
77 11
78 12
79 11
80 9
81 11
82 11
83 9
84 9
85 11
86 11
87 11
88 11
89 11
90 12
91 11
92 11
93 11
94 11
95 11
96 10
97 10
98 9
99 11
100 11
101 11
102 9
103 10
104 10
105 10
106 10
107 12
108 9
109 10
110 10
111 11
112 9
113 11
114 11
115 11
116 8
117 10
118 11
119 11
120 11
121 12
122 11
123 7
124 7
125 9
126 11
127 11
128 10
129 11
130 10
131 12
132 11
133 9
134 10
135 10
136 11
137 11
138 11
139 11
140 9
141 11
142 11
143 10
144 12
145 11
146 11
147 9
148 9
149 10
150 11
151 11
152 9
153 11
154 10
155 10
156 11
157 10
158 9
159 10
160 11
161 11
162 10
163 8
164 11
165 10
166 10
167 8
168 5
169 11
170 11
171 10
172 10
173 11
174 10
175 11
176 11
177 11
178 11
179 11
180 10
181 11
182 11
183 7
184 11
185 11
186 8
187 11
188 10
189 11
190 11
191 11
192 8
193 10
194 10
195 11
196 12
197 11
198 11
199 10
200 11
201 10
202 9
203 10
204 11
205 12
206 10
207 12
208 11
209 7
210 10
211 10
212 11
213 12
214 12
215 11
216 11
217 11
218 11
219 10
220 11
221 10
222 10
223 11
224 10
225 11
226 11
227 10
228 10
229 11
230 11
231 11
232 11
233 11
234 9
235 11
236 9
237 6
238 11
239 7
240 10
241 12
242 6
243 11
244 11
245 11
246 11
247 8
248 11
249 10
250 10
251 10
252 12
253 12
254 10
255 6
256 11
257 9
258 10
259 11
260 11
261 9
262 6
263 11
264 11
265 11
266 11
267 11
268 6
269 12
270 10
271 7
272 9
273 9
274 11
275 9
276 11
277 11
278 10
279 10
280 8
281 12
282 10
283 11
284 11
285 7
286 12
287 11
288 11
289 11
290 11
291 11
292 6
293 11
294 11
295 11
296 9
297 9
298 11
299 9
300 7
301 10
302 10
303 10
304 9
305 11
306 11
307 12
308 11
309 10
310 10
311 11
312 10
313 8
314 9
315 11
316 12
317 11
318 11
319 9
320 10
321 11
322 11
323 11
324 11
325 9
326 11
327 11
328 11
329 9
330 11
331 12
332 11
333 12
334 11
335 11
336 8
337 5
338 6
339 11
340 11
341 11
342 11
343 8
344 11
345 11
346 12
347 9
348 9
349 11
350 10
351 11
352 9
353 11
354 11
355 11
356 12
357 10
358 5
359 9
360 10
361 12
362 9
363 11
364 11
365 11
366 11
367 10
368 10
369 11
370 11
371 11
372 9
373 8
374 10
375 7
376 10
377 12
378 9
379 11
380 12
381 9
382 9
383 12
384 11
385 10
386 9
387 11
388 12
389 9
390 11
391 10
392 6
393 11
394 11
395 11
396 11
397 3
398 11
399 10
400 10
401 8
402 10
403 10
404 11
405 11
406 9
407 10
408 11
409 10
410 11
411 11
412 11
413 9
414 11
415 11
416 11
417 11
418 10
419 9
420 11
421 11
422 9
423 11
424 11
425 9
426 12
427 10
428 11
429 11
430 10
431 11
432 10
433 11
434 11
435 11
436 11
437 7
438 10
439 11
440 11
441 9
442 10
443 11
444 11
445 10
446 10
447 11
448 12
449 11
