0 7
1 7
2 7
3 7
4 7
5 6
6 5
7 2
8 6
9 5
10 6
11 5
12 6
13 6
14 5
15 2
16 7
17 5
18 5
19 6
20 6
21 6
22 3
23 4
24 3
25 7
26 4
27 5
28 7
29 7
30 6
31 7
32 7
33 7
34 6
35 7
36 6
37 7
38 6
39 7
40 6
41 7
42 1
43 7
44 6
45 7
46 8
47 7
48 5
49 7
50 6
51 7
52 7
53 7
54 7
55 6
56 3
57 6
58 7
59 6
60 7
61 8
62 7
63 6
64 7
65 8
66 7
67 7
68 7
69 6
70 8
71 6
72 7
73 7
74 6
75 6
76 5
77 7
78 5
79 6
80 6
81 7
82 2
83 7
84 7
85 5
86 7
87 7
88 3
89 6
90 7
91 7
92 6
93 6
94 5
95 7
96 6
97 5
98 7
99 6
100 5
101 6
102 7
103 7
104 5
105 4
106 7
107 6
108 6
109 5
110 7
111 6
112 5
113 7
114 7
115 6
116 4
117 7
118 4
119 8
120 5
121 0
122 7
123 6
124 6
125 1
126 6
127 5
128 6
129 7
130 5
131 7
132 5
133 2
134 8
135 6
136 5
137 7
138 5
139 6
140 6
141 3
142 7
143 5
144 5
145 4
146 3
147 6
148 7
149 8
150 7
151 7
152 7
153 5
154 5
155 6
156 8
157 5
158 6
159 6
160 5
161 2
162 4
163 7
164 7
165 7
166 6
167 6
168 5
169 4
170 7
171 7
172 7
173 6
174 7
175 6
176 7
177 4
178 4
179 7
180 7
181 7
182 6
183 7
184 6
185 6
186 5
187 6
188 7
189 7
190 4
191 6
192 3
193 7
194 6
195 8
196 6
197 7
198 6
199 6
200 3
201 8
202 1
203 7
204 5
205 5
206 7
207 7
208 6
209 8
210 6
211 7
212 7
213 7
214 7
215 5
216 3
217 7
218 6
219 5
220 7
221 7
222 7
223 8
224 5
225 3
226 6
227 4
228 6
229 8
230 7
231 3
232 1
233 4
234 7
235 6
236 4
237 4
238 7
239 3
240 7
241 1
242 5
243 7
244 5
245 6
246 4
247 8
248 6
249 7
250 5
251 6
252 6
253 7
254 5
255 3
256 4
257 7
258 6
259 7
260 7
261 6
262 7
263 7
264 4
265 5
266 8
267 6
268 8
269 7
270 4
271 7
272 5
273 7
274 7
275 7
276 7
277 4
278 9
279 6
280 8
281 6
282 7
283 7
284 8
285 5
286 5
287 7
288 5
289 8
290 6
291 4
292 8
293 6
294 6
295 7
296 5
297 7
298 6
299 6
300 4
301 7
302 7
303 6
304 7
305 7
306 4
307 4
308 4
309 8
310 3
311 7
312 7
313 4
314 8
315 6
316 5
317 6
318 4
319 6
320 7
321 7
322 5
323 6
324 4
325 7
326 6
327 8
328 7
329 7
330 8
331 6
332 6
333 4
334 5
335 8
336 7
337 7
338 7
339 6
340 6
341 4
342 7
343 7
344 8
345 0
346 7
347 7
348 7
349 8
350 4
351 8
352 8
353 6
354 6
355 7
356 6
357 4
358 6
359 6
360 6
361 7
362 6
363 7
364 6
365 7
366 6
367 5
368 2
369 0
370 3
371 7
372 1
373 8
374 2
375 6
376 7
377 6
378 7
379 5
380 7
381 6
382 4
383 5
384 5
385 7
386 8
387 7
388 7
389 7
390 7
391 8
392 7
393 7
394 7
395 6
396 8
397 6
398 5
399 7
400 3
401 6
402 5
403 6
404 6
405 4
406 8
407 5
408 6
409 6
410 6
411 5
412 6
413 5
414 0
415 6
416 7
417 5
418 7
419 7
420 2
421 8
422 8
423 7
424 5
425 8
426 6
427 8
428 8
429 3
430 9
431 3
432 6
433 8
434 6
435 7
436 7
437 5
438 7
439 7
440 7
441 1
442 7
443 7
444 7
445 8
446 6
447 7
448 6
449 3
