1351 8
1352 11
1353 10
1354 11
1355 10
1356 10
1357 11
1358 12
1359 11
1360 10
1361 10
1362 12
1363 11
1364 11
1365 11
1366 6
1367 11
1368 11
1369 11
1370 11
1371 12
1372 11
1373 11
1374 10
1375 9
1376 5
1377 12
1378 11
1379 11
1380 11
1381 11
1382 9
1383 9
1384 10
1385 12
1386 12
1387 12
1388 8
1389 11
1390 11
1391 10
1392 8
1393 10
1394 12
1395 7
1396 10
1397 10
1398 10
1399 12
1400 6
1401 11
1402 11
1403 7
1404 10
1405 9
1406 11
1407 11
1408 12
1409 11
1410 8
1411 9
1412 10
1413 9
1414 10
1415 8
1416 11
1417 10
1418 4
1419 9
1420 11
1421 10
1422 9
1423 10
1424 2
1425 10
1426 11
1427 8
1428 11
1429 12
1430 11
1431 9
1432 11
1433 11
1434 9
1435 9
1436 11
1437 11
1438 11
1439 11
1440 11
1441 12
1442 11
1443 11
1444 11
1445 11
1446 11
1447 10
1448 10
1449 9
1450 11
1451 11
1452 11
1453 9
1454 10
1455 10
1456 10
1457 10
1458 12
1459 9
1460 10
1461 10
1462 11
1463 9
1464 11
1465 11
1466 11
1467 8
1468 10
1469 11
1470 11
1471 11
1472 12
1473 11
1474 7
1475 7
1476 9
1477 11
1478 11
1479 10
1480 11
1481 10
1482 12
1483 11
1484 9
1485 10
1486 10
1487 11
1488 11
1489 11
1490 11
1491 9
1492 11
1493 11
1494 10
1495 12
1496 11
1497 11
1498 9
1499 9
1500 10
1501 11
1502 11
1503 9
1504 11
1505 10
1506 10
1507 11
1508 10
1509 9
1510 10
1511 11
1512 11
1513 10
1514 8
1515 11
1516 10
1517 10
1518 8
1519 5
1520 11
1521 11
1522 10
1523 10
1524 11
1525 10
1526 11
1527 11
1528 11
1529 11
1530 11
1531 10
1532 11
1533 11
1534 7
1535 11
1536 11
1537 8
1538 11
1539 10
1540 11
1541 11
1542 11
1543 8
1544 10
1545 10
1546 11
1547 12
1548 11
1549 11
1550 10
1551 11
1552 10
1553 9
1554 10
1555 11
1556 12
1557 10
1558 12
1559 11
1560 7
1561 10
1562 10
1563 11
1564 12
1565 12
1566 11
1567 11
1568 11
1569 11
1570 10
1571 11
1572 10
1573 10
1574 11
1575 10
1576 11
1577 11
1578 10
1579 10
1580 11
1581 11
1582 11
1583 11
1584 11
1585 9
1586 11
1587 9
1588 6
1589 11
1590 7
1591 10
1592 12
1593 6
1594 11
1595 11
1596 11
1597 11
1598 8
1599 11
1600 10
1601 10
1602 10
1603 12
1604 12
1605 10
1606 6
1607 11
1608 9
1609 10
1610 11
1611 11
1612 9
1613 6
1614 11
1615 11
1616 11
1617 11
1618 11
1619 6
1620 12
1621 10
1622 7
1623 9
1624 9
1625 11
1626 9
1627 11
1628 11
1629 10
1630 10
1631 8
1632 12
1633 10
1634 11
1635 11
1636 7
1637 12
1638 11
1639 11
1640 11
1641 11
1642 11
1643 6
1644 11
1645 11
1646 11
1647 9
1648 9
1649 11
1650 9
1651 7
1652 10
1653 10
1654 10
1655 9
1656 11
1657 11
1658 12
1659 11
1660 10
1661 10
1662 11
1663 10
1664 8
1665 9
1666 11
1667 12
1668 11
1669 11
1670 9
1671 10
1672 11
1673 11
1674 11
1675 11
1676 9
1677 11
1678 11
1679 11
1680 9
1681 11
1682 12
1683 11
1684 12
1685 11
1686 11
1687 8
1688 5
1689 6
1690 11
1691 11
1692 11
1693 11
1694 8
1695 11
1696 11
1697 12
1698 9
1699 9
1700 11
1701 10
1702 11
1703 9
1704 11
1705 11
1706 11
1707 12
1708 10
1709 5
1710 9
1711 10
1712 12
1713 9
1714 11
1715 11
1716 11
1717 11
1718 10
1719 10
1720 11
1721 11
1722 11
1723 9
1724 8
1725 10
1726 7
1727 10
1728 12
1729 9
1730 11
1731 12
1732 9
1733 9
1734 12
1735 11
1736 10
1737 9
1738 11
1739 12
1740 9
1741 11
1742 10
1743 6
1744 11
1745 11
1746 11
1747 11
1748 3
1749 11
1750 10
1751 10
1752 8
1753 10
1754 10
1755 11
1756 11
1757 9
1758 10
1759 11
1760 10
1761 11
1762 11
1763 11
1764 9
1765 11
1766 11
1767 11
1768 11
1769 10
1770 9
1771 11
1772 11
1773 9
1774 11
1775 11
1776 9
1777 12
1778 10
1779 11
1780 11
1781 10
1782 11
1783 10
1784 11
1785 11
1786 11
1787 11
1788 7
1789 10
1790 11
1791 11
1792 9
1793 10
1794 11
1795 11
1796 10
1797 10
1798 11
1799 12
