451 8
452 11
453 10
454 11
455 10
456 10
457 11
458 12
459 11
460 10
461 10
462 12
463 11
464 11
465 11
466 6
467 11
468 11
469 11
470 11
471 12
472 11
473 11
474 10
475 9
476 5
477 12
478 11
479 11
480 11
481 11
482 9
483 9
484 10
485 12
486 12
487 12
488 8
489 11
490 11
491 10
492 8
493 10
494 12
495 7
496 10
497 10
498 10
499 12
500 6
501 11
502 11
503 7
504 10
505 9
506 11
507 11
508 12
509 11
510 8
511 9
512 10
513 9
514 10
515 8
516 11
517 10
518 4
519 9
520 11
521 10
522 9
523 10
524 2
525 10
526 11
527 8
528 11
529 12
530 11
531 9
532 11
533 11
534 9
535 9
536 11
537 11
538 11
539 11
540 11
541 12
542 11
543 11
544 11
545 11
546 11
547 10
548 10
549 9
550 11
551 11
552 11
553 9
554 10
555 10
556 10
557 10
558 12
559 9
560 10
561 10
562 11
563 9
564 11
565 11
566 11
567 8
568 10
569 11
570 11
571 11
572 12
573 11
574 7
575 7
576 9
577 11
578 11
579 10
580 11
581 10
582 12
583 11
584 9
585 10
586 10
587 11
588 11
589 11
590 11
591 9
592 11
593 11
594 10
595 12
596 11
597 11
598 9
599 9
600 10
601 11
602 11
603 9
604 11
605 10
606 10
607 11
608 10
609 9
610 10
611 11
612 11
613 10
614 8
615 11
616 10
617 10
618 8
619 5
620 11
621 11
622 10
623 10
624 11
625 10
626 11
627 11
628 11
629 11
630 11
631 10
632 11
633 11
634 7
635 11
636 11
637 8
638 11
639 10
640 11
641 11
642 11
643 8
644 10
645 10
646 11
647 12
648 11
649 11
650 10
651 11
652 10
653 9
654 10
655 11
656 12
657 10
658 12
659 11
660 7
661 10
662 10
663 11
664 12
665 12
666 11
667 11
668 11
669 11
670 10
671 11
672 10
673 10
674 11
675 10
676 11
677 11
678 10
679 10
680 11
681 11
682 11
683 11
684 11
685 9
686 11
687 9
688 6
689 11
690 7
691 10
692 12
693 6
694 11
695 11
696 11
697 11
698 8
699 11
700 10
701 10
702 10
703 12
704 12
705 10
706 6
707 11
708 9
709 10
710 11
711 11
712 9
713 6
714 11
715 11
716 11
717 11
718 11
719 6
720 12
721 10
722 7
723 9
724 9
725 11
726 9
727 11
728 11
729 10
730 10
731 8
732 12
733 10
734 11
735 11
736 7
737 12
738 11
739 11
740 11
741 11
742 11
743 6
744 11
745 11
746 11
747 9
748 9
749 11
750 9
751 7
752 10
753 10
754 10
755 9
756 11
757 11
758 12
759 11
760 10
761 10
762 11
763 10
764 8
765 9
766 11
767 12
768 11
769 11
770 9
771 10
772 11
773 11
774 11
775 11
776 9
777 11
778 11
779 11
780 9
781 11
782 12
783 11
784 12
785 11
786 11
787 8
788 5
789 6
790 11
791 11
792 11
793 11
794 8
795 11
796 11
797 12
798 9
799 9
800 11
801 10
802 11
803 9
804 11
805 11
806 11
807 12
808 10
809 5
810 9
811 10
812 12
813 9
814 11
815 11
816 11
817 11
818 10
819 10
820 11
821 11
822 11
823 9
824 8
825 10
826 7
827 10
828 12
829 9
830 11
831 12
832 9
833 9
834 12
835 11
836 10
837 9
838 11
839 12
840 9
841 11
842 10
843 6
844 11
845 11
846 11
847 11
848 3
849 11
850 10
851 10
852 8
853 10
854 10
855 11
856 11
857 9
858 10
859 11
860 10
861 11
862 11
863 11
864 9
865 11
866 11
867 11
868 11
869 10
870 9
871 11
872 11
873 9
874 11
875 11
876 9
877 12
878 10
879 11
880 11
881 10
882 11
883 10
884 11
885 11
886 11
887 11
888 7
889 10
890 11
891 11
892 9
893 10
894 11
895 11
896 10
897 10
898 11
899 12
